data/2021/ctd_data_day1/Station 1 210921_ctm.cnv
* Sea-Bird SBE 9 Data File:
* FileName = C:\Users\CTD-User\Desktop\MAR440\Station 1 210921.hex
* Software Version Seasave V 7.26.2.13
* Temperature SN = 6313
* Conductivity SN = 4758
* Number of Bytes Per Scan = 30
* Number of Voltage Words = 4
* Number of Scans Averaged by the Deck Unit = 1
* NMEA baud rate = 4800
** Ship:
** Station:
** Operator:
# nquan = 11
# nvalues = 5940                        
# units = specified
# name 0 = scan: Scan Count
# name 1 = prDM: Pressure, Digiquartz [db]
# name 2 = t090C: Temperature [ITS-90, deg C]
# name 3 = t190C: Temperature, 2 [ITS-90, deg C]
# name 4 = c0S/m: Conductivity [S/m]
# name 5 = c1S/m: Conductivity, 2 [S/m]
# name 6 = sbeox0V: Oxygen raw, SBE 43 [V]
# name 7 = sbeox1V: Oxygen raw, SBE 43, 2 [V]
# name 8 = flECO-AFL: Fluorescence, WET Labs ECO-AFL/FL [mg/m^3]
# name 9 = upoly0: Upoly 0, Turbidity
# name 10 = flag:  0.000e+00
# span 0 =          1,       5940       
# span 1 =      0.327,     13.973       
# span 2 =    11.9529,    16.0393       
# span 3 =    11.9540,    16.0416       
# span 4 =   2.808598,   3.423301       
# span 5 =   2.808270,   3.416889       
# span 6 =     0.9938,     2.8596       
# span 7 =     1.0231,     2.7656       
# span 8 =     0.0040,     0.0086       
# span 9 =  0.0918156,  0.2139158       
# span 10 = 0.0000e+00, 0.0000e+00      
# interval = seconds: 0.0416667
# start_time = Sep 21 2021 08:43:04 [System UTC, header]
# bad_flag = -9.990e-29
*END*
[from data line 4984]
       4985     13.915    13.4691    13.6283   3.346988   3.343760     1.3576     1.3039     0.0044  0.0952344 0.0000e+00
       4986     13.849    13.3335    13.6026   3.347545   3.343765     1.3589     1.3076     0.0044  0.0947460 0.0000e+00
       4987     13.915    13.3019    13.5961   3.347876   3.343757     1.3613     1.3100     0.0044  0.0952344 0.0000e+00
       4988     13.890    13.3319    13.6034   3.347893   3.344225     1.3650     1.3125     0.0044  0.0952344 0.0000e+00
       4989     13.915    13.3762    13.5913   3.347659   3.344956     1.3650     1.3149     0.0044  0.0952344 0.0000e+00
       4990     13.915    13.4096    13.5847   3.347295   3.345468     1.3662     1.3186     0.0044  0.0952344 0.0000e+00
       4991     13.849    13.4248    13.6229   3.347184   3.345632     1.3674     1.3210     0.0044  0.0952344 0.0000e+00
       4992     13.890    13.4415    13.6103   3.347433   3.345538     1.3711     1.3235     0.0044  0.0952344 0.0000e+00
       4993     13.915    13.4676    13.5475   3.347670   3.345731     1.3723     1.3259     0.0044  0.0952344 0.0000e+00
       4994     13.849    13.4711    13.5110   3.347466   3.345981     1.3747     1.3296     0.0044  0.0952344 0.0000e+00
       4995     13.915    13.4748    13.5160   3.347085   3.346276     1.3747     1.3320     0.0044  0.0952344 0.0000e+00
       4996     13.890    13.4755    13.5382   3.346993   3.346312     1.3747     1.3332     0.0044  0.0952344 0.0000e+00
       4997     13.915    13.4696    13.5759   3.347112   3.346222     1.3772     1.3357     0.0044  0.0952344 0.0000e+00
       4998     13.915    13.4708    13.6001   3.347699   3.346361     1.3796     1.3381     0.0044  0.0952344 0.0000e+00
       4999     13.915    13.4688    13.5948   3.348308   3.346752     1.3784     1.3406     0.0044  0.0952344 0.0000e+00
       5000     13.849    13.4669    13.5913   3.349137   3.347224     1.3796     1.3430     0.0044  0.0952344 0.0000e+00
       5001     13.956    13.4363    13.5659   3.350024   3.347350     1.3796     1.3442     0.0044  0.0952344 0.0000e+00
       5002     13.849    13.3767    13.5478   3.350322   3.347509     1.3808     1.3467     0.0044  0.0952344 0.0000e+00
       5003     13.915    13.3295    13.5451   3.350459   3.347539     1.3808     1.3491     0.0044  0.0947460 0.0000e+00
       5004     13.915    13.3031    13.5513   3.350781   3.347570     1.3808     1.3503     0.0044  0.0952344 0.0000e+00
       5005     13.890    13.2848    13.5638   3.351041   3.347750     1.3808     1.3528     0.0044  0.0952344 0.0000e+00
       5006     13.915    13.3108    13.5627   3.350997   3.348077     1.3821     1.3540     0.0044  0.0947460 0.0000e+00
       5007     13.849    13.3160    13.5394   3.350883   3.348074     1.3833     1.3552     0.0044  0.0947460 0.0000e+00
       5008     13.915    13.2907    13.5153   3.350978   3.347885     1.3845     1.3564     0.0044  0.0947460 0.0000e+00
       5009     13.890    13.2967    13.5354   3.351105   3.347740     1.3833     1.3589     0.0044  0.0942576 0.0000e+00
       5010     13.915    13.3385    13.5404   3.351336   3.347399     1.3845     1.3601     0.0044  0.0942576 0.0000e+00
       5011     13.915    13.3209    13.5443   3.351817   3.347123     1.3845     1.3613     0.0044  0.0947460 0.0000e+00
       5012     13.915    13.3000    13.5389   3.352149   3.346926     1.3833     1.3625     0.0044  0.0942576 0.0000e+00
       5013     13.890    13.2979    13.5429   3.351926   3.347164     1.3845     1.3638     0.0044  0.0942576 0.0000e+00
       5014     13.915    13.3750    13.5574   3.352001   3.347684     1.3821     1.3650     0.0044  0.0942576 0.0000e+00
       5015     13.915    13.4561    13.5396   3.352043   3.347958     1.3821     1.3662     0.0044  0.0947460 0.0000e+00
       5016     13.849    13.4997    13.4886   3.351327   3.348445     1.3845     1.3674     0.0044  0.0947460 0.0000e+00
       5017     13.890    13.5210    13.4469   3.350722   3.349236     1.3833     1.3686     0.0044  0.0942576 0.0000e+00
       5018     13.915    13.5145    13.4423   3.350623   3.349832     1.3821     1.3699     0.0044  0.0942576 0.0000e+00
       5019     13.915    13.4970    13.4446   3.350564   3.350158     1.3821     1.3711     0.0044  0.0947460 0.0000e+00
       5020     13.915    13.4801    13.3903   3.350269   3.349987     1.3808     1.3723     0.0044  0.0942576 0.0000e+00
       5021     13.915    13.4539    13.3493   3.349523   3.349702     1.3821     1.3735     0.0044  0.0947460 0.0000e+00
       5022     13.890    13.4392    13.3273   3.348723   3.349650     1.3821     1.3735     0.0044  0.0942576 0.0000e+00
       5023     13.972    13.4385    13.2748   3.348405   3.349414     1.3808     1.3747     0.0044  0.0942576 0.0000e+00
       5024     13.849    13.4166    13.2062   3.348330   3.348871     1.3808     1.3747     0.0044  0.0947460 0.0000e+00
       5025     13.915    13.4089    13.1259   3.348465   3.347776     1.3796     1.3772     0.0044  0.0942576 0.0000e+00
       5026     13.890    13.4401    13.1223   3.348721   3.347280     1.3808     1.3772     0.0044  0.0942576 0.0000e+00
       5027     13.972    13.4708    13.2276   3.348696   3.347460     1.3796     1.3772     0.0044  0.0947460 0.0000e+00
       5028     13.849    13.4847    13.3317   3.348612   3.348013     1.3784     1.3784     0.0044  0.0947460 0.0000e+00
       5029     13.915    13.4984    13.4303   3.348343   3.348542     1.3796     1.3796     0.0044  0.0947460 0.0000e+00
       5030     13.956    13.4922    13.5010   3.348025   3.348854     1.3796     1.3796     0.0044  0.0947460 0.0000e+00
       5031     13.915    13.4840    13.5332   3.348047   3.349183     1.3796     1.3796     0.0044  0.0947460 0.0000e+00
       5032     13.849    13.4816    13.5519   3.348080   3.350152     1.3796     1.3809     0.0044  0.0947460 0.0000e+00
       5033     13.972    13.4806    13.5535   3.348066   3.351594     1.3760     1.3809     0.0048  0.0962112 0.0000e+00
       5034     13.832    13.5007    13.5766   3.348439   3.351950     1.3760     1.3821     0.0049  0.0966996 0.0000e+00
       5035     13.972    13.5225    13.6074   3.348830   3.351627     1.3760     1.3821     0.0051  0.0971880 0.0000e+00
       5036     13.915    13.5165    13.6153   3.348831   3.350980     1.3760     1.3833     0.0049  0.0971880 0.0000e+00
       5037     13.915    13.4970    13.6247   3.348317   3.350595     1.3747     1.3833     0.0049  0.0971880 0.0000e+00
       5038     13.915    13.4895    13.6342   3.347786   3.351184     1.3747     1.3833     0.0049  0.0971880 0.0000e+00
       5039     13.890    13.4781    13.6041   3.347356   3.352080     1.3747     1.3833     0.0049  0.0971880 0.0000e+00
       5040     13.915    13.4510    13.5527   3.347086   3.352963     1.3747     1.3845     0.0049  0.0971880 0.0000e+00
       5041     13.972    13.4286    13.5663   3.347182   3.355017     1.3747     1.3845     0.0049  0.0971880 0.0000e+00
       5042     13.849    13.4331    13.5804   3.347340   3.357919     1.3723     1.3845     0.0049  0.0971880 0.0000e+00
       5043     13.956    13.4641    13.5897   3.347490   3.360484     1.3711     1.3845     0.0049  0.0971880 0.0000e+00
       5044     13.914    13.4941    13.6036   3.347721   3.361990     1.3711     1.3845     0.0049  0.0971880 0.0000e+00
       5045     13.914    13.5150    13.6014   3.348091   3.363183     1.3711     1.3845     0.0049  0.0971880 0.0000e+00
       5046     13.914    13.4694    13.5110   3.348374   3.364760     1.3711     1.3845     0.0049  0.0971880 0.0000e+00
       5047     13.890    13.3547    13.3325   3.348383   3.366370     1.3699     1.3845     0.0049  0.0966996 0.0000e+00
       5048     13.914    13.2942    13.0742   3.348039   3.367480     1.3686     1.3857     0.0049  0.0971880 0.0000e+00
       5049     13.972    13.2923    12.9911   3.347696   3.369098     1.3686     1.3857     0.0049  0.0971880 0.0000e+00
       5050     13.914    13.2956    12.9479   3.347493   3.371082     1.3699     1.3857     0.0049  0.0971880 0.0000e+00
       5051     13.832    13.2790    12.8861   3.347590   3.372716     1.3674     1.3857     0.0049  0.0966996 0.0000e+00
       5052     13.972    13.2554    12.8437   3.347945   3.374115     1.3662     1.3857     0.0049  0.0971880 0.0000e+00
       5053     13.914    13.2785    12.7878   3.348784   3.375096     1.3674     1.3857     0.0049  0.0966996 0.0000e+00
       5054     13.914    13.3563    12.7380   3.349525   3.375834     1.3650     1.3857     0.0049  0.0971880 0.0000e+00
       5055     13.914    13.4268    12.7209   3.349740   3.376627     1.3662     1.3857     0.0049  0.0966996 0.0000e+00
       5056     13.956    13.4721    12.7186   3.349614   3.377500     1.3650     1.3857     0.0049  0.0966996 0.0000e+00
       5057     13.914    13.5230    12.7059   3.349648   3.378034     1.3650     1.3845     0.0049  0.0966996 0.0000e+00
       5058     13.914    13.5297    12.6272   3.349470   3.378329     1.3650     1.3845     0.0049  0.0966996 0.0000e+00
       5059     13.914    13.4713    12.5571   3.349055   3.378739     1.3625     1.3845     0.0049  0.0966996 0.0000e+00
       5060     13.956    13.4086    12.5047   3.348667   3.379482     1.3650     1.3833     0.0049  0.0966996 0.0000e+00
       5061     13.914    13.4062    12.4983   3.348665   3.380348     1.3613     1.3845     0.0049  0.0966996 0.0000e+00
       5062     13.914    13.4276    12.5219   3.349136   3.381497     1.3601     1.3833     0.0049  0.0966996 0.0000e+00
       5063     13.914    13.4422    12.4733   3.349552   3.382587     1.3601     1.3833     0.0049  0.0966996 0.0000e+00
       5064     13.890    13.4067    12.4285   3.349515   3.383355     1.3601     1.3833     0.0049  0.0962112 0.0000e+00
       5065     13.914    13.3093    12.3980   3.348798   3.383753     1.3601     1.3821     0.0049  0.0962112 0.0000e+00
       5066     13.972    13.2448    12.3727   3.348046   3.383917     1.3589     1.3821     0.0049  0.0966996 0.0000e+00
       5067     13.914    13.1578    12.3283   3.347465   3.384165     1.3601     1.3809     0.0049  0.0966996 0.0000e+00
       5068     13.890    13.1040    12.3036   3.347301   3.384329     1.3576     1.3809     0.0049  0.0962112 0.0000e+00
       5069     13.914    13.1555    12.3089   3.347510   3.384394     1.3589     1.3809     0.0049  0.0966996 0.0000e+00
       5070     13.972    13.2421    12.3183   3.347530   3.384651     1.3589     1.3796     0.0049  0.0966996 0.0000e+00
       5071     13.848    13.3362    12.3069   3.347269   3.384858     1.3576     1.3796     0.0049  0.0966996 0.0000e+00
       5072     13.972    13.4209    12.2868   3.347127   3.384867     1.3564     1.3784     0.0049  0.0966996 0.0000e+00
       5073     13.890    13.4616    12.2821   3.347011   3.384853     1.3552     1.3784     0.0049  0.0966996 0.0000e+00
       5074     13.914    13.4527    12.2933   3.346925   3.384916     1.3564     1.3772     0.0049  0.0966996 0.0000e+00
       5075     13.914    13.4731    12.3394   3.347281   3.385072     1.3564     1.3760     0.0049  0.0962112 0.0000e+00
       5076     13.972    13.5225    12.3791   3.348383   3.385254     1.3552     1.3760     0.0049  0.0966996 0.0000e+00
       5077     13.889    13.5740    12.3746   3.349494   3.385083     1.3552     1.3747     0.0049  0.0966996 0.0000e+00
       5078     13.914    13.5979    12.3546   3.349936   3.385227     1.3552     1.3747     0.0049  0.0966996 0.0000e+00
       5079     13.914    13.5918    12.3359   3.350221   3.385703     1.3564     1.3735     0.0049  0.0962112 0.0000e+00
       5080     13.914    13.5505    12.3271   3.350715   3.386155     1.3552     1.3723     0.0049  0.0966996 0.0000e+00
       5081     13.955    13.5088    12.3271   3.350854   3.386307     1.3552     1.3711     0.0049  0.0966996 0.0000e+00
       5082     13.914    13.4833    12.3141   3.351300   3.386241     1.3540     1.3699     0.0049  0.0966996 0.0000e+00
       5083     13.914    13.4577    12.3011   3.352498   3.386275     1.3552     1.3686     0.0049  0.0966996 0.0000e+00
       5084     13.914    13.4320    12.2879   3.354183   3.386158     1.3552     1.3674     0.0048  0.0962112 0.0000e+00
       5085     13.889    13.3960    12.2845   3.355406   3.386084     1.3540     1.3662     0.0048  0.0962112 0.0000e+00
       5086     13.972    13.3767    12.2815   3.356375   3.386242     1.3552     1.3650     0.0046  0.0957228 0.0000e+00
       5087     13.914    13.3747    12.2698   3.358483   3.386625     1.3552     1.3638     0.0046  0.0957228 0.0000e+00
       5088     13.914    13.3962    12.2677   3.360536   3.386545     1.3552     1.3625     0.0048  0.0962112 0.0000e+00
       5089     13.914    13.3889    12.2733   3.362676   3.386436     1.3552     1.3601     0.0046  0.0957228 0.0000e+00
       5090     13.889    13.3603    12.2672   3.363448   3.386357     1.3540     1.3589     0.0048  0.0962112 0.0000e+00
       5091     13.914    13.3249    12.2688   3.363882   3.386537     1.3552     1.3564     0.0046  0.0957228 0.0000e+00
       5092     13.914    13.2952    12.2726   3.364827   3.386813     1.3528     1.3552     0.0048  0.0962112 0.0000e+00
       5093     13.972    13.1919    12.2717   3.365113   3.386966     1.3540     1.3528     0.0046  0.0962112 0.0000e+00
       5094     13.889    13.0305    12.2669   3.364863   3.386995     1.3540     1.3503     0.0048  0.0962112 0.0000e+00
       5095     13.914    12.9530    12.2733   3.364621   3.387061     1.3552     1.3491     0.0046  0.0962112 0.0000e+00
       5096     13.914    12.8865    12.2764   3.363700   3.387086     1.3528     1.3467     0.0048  0.0962112 0.0000e+00
       5097     13.914    12.7312    12.2736   3.362586   3.387202     1.3552     1.3442     0.0046  0.0962112 0.0000e+00
       5098     13.889    12.7238    12.2785   3.362734   3.387377     1.3540     1.3418     0.0048  0.0962112 0.0000e+00
       5099     13.972    12.8128    12.2835   3.363689   3.387471     1.3552     1.3406     0.0046  0.0957228 0.0000e+00
       5100     13.914    12.8435    12.2808   3.364374   3.387496     1.3528     1.3381     0.0046  0.0957228 0.0000e+00
       5101     13.914    12.9048    12.2818   3.364526   3.387592     1.3528     1.3357     0.0046  0.0957228 0.0000e+00
       5102     13.832    12.9363    12.2934   3.364088   3.387682     1.3552     1.3320     0.0046  0.0962112 0.0000e+00
       5103     13.972    12.9523    12.2986   3.364245   3.387817     1.3540     1.3296     0.0046  0.0962112 0.0000e+00
       5104     13.914    12.9462    12.2868   3.363912   3.388071     1.3552     1.3271     0.0046  0.0962112 0.0000e+00
       5105     13.914    12.9607    12.2745   3.362823   3.388179     1.3528     1.3247     0.0046  0.0962112 0.0000e+00
       5106     13.914    13.0315    12.2773   3.362000   3.388046     1.3528     1.3210     0.0048  0.0962112 0.0000e+00
       5107     13.889    13.1178    12.2841   3.360534   3.387871     1.3528     1.3186     0.0048  0.0962112 0.0000e+00
       5108     13.914    13.2233    12.2865   3.359291   3.387713     1.3528     1.3161     0.0046  0.0957228 0.0000e+00
       5109     13.914    13.3032    12.2848   3.357549   3.387476     1.3515     1.3125     0.0048  0.0952344 0.0000e+00
       5110     13.914    13.3438    12.2808   3.356739   3.386799     1.3503     1.3100     0.0049  0.0937692 0.0000e+00
       5111     13.955    13.3464    12.2841   3.355811   3.386241     1.3503     1.3076     0.0049  0.0932808 0.0000e+00
       5112     13.848    13.3430    12.2818   3.354762   3.385830     1.3515     1.3039     0.0049  0.0932808 0.0000e+00
       5113     13.914    13.3518    12.2660   3.354142   3.385459     1.3515     1.3015     0.0049  0.0932808 0.0000e+00
       5114     13.914    13.3391    12.2430   3.353417   3.385480     1.3503     1.2978     0.0049  0.0932808 0.0000e+00
