data/2021/ctd_data_day1/Station 3ex 210921_ctm.cnv
* Sea-Bird SBE 9 Data File:
* FileName = C:\Users\CTD-User\Desktop\MAR440\Station 3ex 210921.hex
* Software Version Seasave V 7.26.2.13
* Temperature SN = 6313
* Conductivity SN = 4758
* Number of Bytes Per Scan = 30
* Number of Voltage Words = 4
* Number of Scans Averaged by the Deck Unit = 1
* NMEA baud rate = 4800
** Ship:
** Station:
** Operator:
# nquan = 11
# nvalues = 3026                        
# units = specified
# name 0 = scan: Scan Count
# name 1 = prDM: Pressure, Digiquartz [db]
# name 2 = t090C: Temperature [ITS-90, deg C]
# name 3 = t190C: Temperature, 2 [ITS-90, deg C]
# name 4 = c0S/m: Conductivity [S/m]
# name 5 = c1S/m: Conductivity, 2 [S/m]
# name 6 = sbeox0V: Oxygen raw, SBE 43 [V]
# name 7 = sbeox1V: Oxygen raw, SBE 43, 2 [V]
# name 8 = flECO-AFL: Fluorescence, WET Labs ECO-AFL/FL [mg/m^3]
# name 9 = upoly0: Upoly 0, Turbidity
# name 10 = flag:  0.000e+00
# span 0 =          1,       3026       
# span 1 =      0.398,     13.226       
# span 2 =    11.9233,    16.1619       
# span 3 =    11.8952,    16.1632       
# span 4 =  -0.000846,   3.413321       
# span 5 =   0.068122,   3.412945       
# span 6 =     1.3393,     3.2662       
# span 7 =     1.3833,     3.1099       
# span 8 =     0.0035,     0.0441       
# span 9 =  0.0800940,  0.1890073       
# span 10 = 0.0000e+00, 0.0000e+00      
# interval = seconds: 0.0416667
# start_time = Sep 21 2021 12:03:19 [System UTC, header]
# bad_flag = -9.990e-29
*END*
[from data line 2623]
       2624      9.172    16.1006    16.1519   3.206523   3.193482     2.5909     2.5397     0.0044  0.1118400 0.0000e+00
       2625      9.196    16.0979    16.1409   3.210280   3.195017     2.5885     2.5384     0.0044  0.1118400 0.0000e+00
       2626      9.262    16.1003    16.1317   3.214639   3.198598     2.5873     2.5372     0.0044  0.1118400 0.0000e+00
       2627      9.237    16.1086    16.1259   3.220823   3.204453     2.5873     2.5360     0.0044  0.1118400 0.0000e+00
       2628      9.262    16.1154    16.1216   3.228368   3.210544     2.5860     2.5360     0.0044  0.1118400 0.0000e+00
       2629      9.262    16.1194    16.1156   3.236064   3.214955     2.5860     2.5336     0.0044  0.1118400 0.0000e+00
       2630      9.361    16.1191    16.1090   3.242647   3.218184     2.5824     2.5336     0.0044  0.1118400 0.0000e+00
       2631      9.320    16.1132    16.1092   3.248253   3.222094     2.5812     2.5311     0.0044  0.1118400 0.0000e+00
       2632      9.320    16.1068    16.1136   3.253107   3.228728     2.5812     2.5299     0.0044  0.1118400 0.0000e+00
       2633      9.418    16.1030    16.1139   3.257075   3.236659     2.5812     2.5287     0.0044  0.1118400 0.0000e+00
       2634      9.377    16.1011    16.1095   3.259966   3.244123     2.5775     2.5275     0.0044  0.1074444 0.0000e+00
       2635      9.377    16.0994    16.1049   3.261919   3.250547     2.5751     2.5262     0.0042  0.1010952 0.0000e+00
       2636      9.476    16.0964    16.1018   3.263060   3.255320     2.5763     2.5250     0.0042  0.1001184 0.0000e+00
       2637      9.443    16.0926    16.1001   3.264130   3.258556     2.5763     2.5226     0.0042  0.1001184 0.0000e+00
       2638      9.501    16.0892    16.0987   3.265018   3.260815     2.5726     2.5213     0.0042  0.1001184 0.0000e+00
       2639      9.476    16.0857    16.0964   3.265483   3.262529     2.5702     2.5201     0.0042  0.1001184 0.0000e+00
       2640      9.501    16.0831    16.0936   3.265871   3.263941     2.5689     2.5177     0.0042  0.1001184 0.0000e+00
       2641      9.566    16.0796    16.0907   3.266576   3.265036     2.5665     2.5165     0.0042  0.1001184 0.0000e+00
       2642      9.599    16.0730    16.0878   3.267883   3.265945     2.5677     2.5152     0.0042  0.1001184 0.0000e+00
       2643      9.566    16.0560    16.0839   3.270237   3.266985     2.5665     2.5128     0.0042  0.1001184 0.0000e+00
       2644      9.624    16.0299    16.0747   3.273912   3.268805     2.5628     2.5116     0.0042  0.0996300 0.0000e+00
       2645      9.599    16.0062    16.0563   3.278491   3.272390     2.5604     2.5091     0.0042  0.0996300 0.0000e+00
       2646      9.690    15.9864    16.0316   3.282469   3.277172     2.5592     2.5079     0.0042  0.1001184 0.0000e+00
       2647      9.690    15.9684    16.0086   3.285717   3.281958     2.5592     2.5043     0.0042  0.1001184 0.0000e+00
       2648      9.665    15.9508    15.9873   3.288651   3.285920     2.5567     2.5030     0.0042  0.1001184 0.0000e+00
       2649      9.748    15.9381    15.9718   3.291106   3.288986     2.5519     2.5018     0.0042  0.1001184 0.0000e+00
       2650      9.747    15.9301    15.9598   3.293099   3.291403     2.5506     2.4994     0.0042  0.1001184 0.0000e+00
       2651      9.789    15.9252    15.9514   3.294218   3.292996     2.5494     2.4957     0.0042  0.1001184 0.0000e+00
       2652      9.805    15.9239    15.9454   3.295180   3.294120     2.5482     2.4957     0.0042  0.1001184 0.0000e+00
       2653      9.805    15.9243    15.9408   3.295717   3.294881     2.5445     2.4933     0.0042  0.1001184 0.0000e+00
       2654      9.805    15.9240    15.9376   3.296451   3.295613     2.5409     2.4908     0.0042  0.1001184 0.0000e+00
       2655      9.846    15.9232    15.9350   3.297150   3.296257     2.5421     2.4884     0.0042  0.1001184 0.0000e+00
       2656      9.871    15.9225    15.9334   3.297402   3.296626     2.5396     2.4859     0.0042  0.1001184 0.0000e+00
       2657      9.871    15.9218    15.9321   3.297716   3.296962     2.5360     2.4835     0.0042  0.1001184 0.0000e+00
       2658      9.970    15.9204    15.9314   3.297959   3.297267     2.5323     2.4823     0.0042  0.1001184 0.0000e+00
       2659      9.929    15.9176    15.9304   3.297703   3.297485     2.5287     2.4786     0.0042  0.0996300 0.0000e+00
       2660      9.928    15.9152    15.9287   3.297614   3.297798     2.5262     2.4762     0.0042  0.0976764 0.0000e+00
       2661     10.027    15.9137    15.9264   3.297770   3.298302     2.5262     2.4737     0.0040  0.0966996 0.0000e+00
       2662      9.994    15.9133    15.9222   3.297884   3.298667     2.5225     2.4713     0.0040  0.0962112 0.0000e+00
       2663      9.994    15.9148    15.9126   3.298203   3.298796     2.5189     2.4701     0.0040  0.0962112 0.0000e+00
       2664     10.093    15.9169    15.9056   3.298631   3.298747     2.5152     2.4676     0.0040  0.0962112 0.0000e+00
       2665     10.052    15.9179    15.9071   3.298568   3.298914     2.5128     2.4640     0.0040  0.0966996 0.0000e+00
       2666     10.110    15.9186    15.9106   3.298439   3.299343     2.5116     2.4615     0.0040  0.0962112 0.0000e+00
       2667     10.093    15.9179    15.9114   3.298674   3.299752     2.5079     2.4579     0.0040  0.0966996 0.0000e+00
       2668     10.175    15.9170    15.9066   3.299051   3.299803     2.5030     2.4554     0.0040  0.0966996 0.0000e+00
       2669     10.109    15.9174    15.8952   3.299186   3.299498     2.5006     2.4517     0.0040  0.0966996 0.0000e+00
       2670     10.217    15.9181    15.8862   3.299391   3.299067     2.4981     2.4493     0.0040  0.0962112 0.0000e+00
       2671     10.233    15.9189    15.8853   3.299729   3.299526     2.4945     2.4456     0.0040  0.0966996 0.0000e+00
       2672     10.175    15.9194    15.8882   3.299934   3.300653     2.4896     2.4432     0.0040  0.0966996 0.0000e+00
       2673     10.233    15.9197    15.8909   3.300139   3.301666     2.4859     2.4395     0.0040  0.0962112 0.0000e+00
       2674     10.274    15.9201    15.8843   3.300090   3.302359     2.4835     2.4359     0.0040  0.0966996 0.0000e+00
       2675     10.299    15.9206    15.8773   3.299944   3.302852     2.4786     2.4322     0.0040  0.0962112 0.0000e+00
       2676     10.356    15.9206    15.8761   3.299743   3.303366     2.4761     2.4285     0.0040  0.0966996 0.0000e+00
       2677     10.274    15.9203    15.8829   3.299784   3.303628     2.4700     2.4249     0.0040  0.0966996 0.0000e+00
       2678     10.414    15.9196    15.8915   3.299933   3.303698     2.4652     2.4212     0.0040  0.0962112 0.0000e+00
       2679     10.356    15.9181    15.8971   3.300193   3.303630     2.4615     2.4176     0.0040  0.0966996 0.0000e+00
       2680     10.398    15.9101    15.8933   3.300456   3.303720     2.4591     2.4139     0.0040  0.0966996 0.0000e+00
       2681     10.414    15.8987    15.8780   3.300978   3.304442     2.4542     2.4090     0.0040  0.0962112 0.0000e+00
       2682     10.480    15.8840    15.8636   3.301745   3.305179     2.4493     2.4053     0.0040  0.0966996 0.0000e+00
       2683     10.397    15.8748    15.8529   3.302609   3.305777     2.4444     2.4017     0.0040  0.0966996 0.0000e+00
       2684     10.537    15.8609    15.8418   3.303559   3.305993     2.4395     2.3968     0.0040  0.0966996 0.0000e+00
       2685     10.480    15.8467    15.8285   3.304733   3.306098     2.4359     2.3919     0.0040  0.0962112 0.0000e+00
       2686     10.537    15.8368    15.8172   3.305531   3.306735     2.4310     2.3883     0.0042  0.0962112 0.0000e+00
       2687     10.579    15.8224    15.8078   3.306250   3.308016     2.4261     2.3834     0.0042  0.0962112 0.0000e+00
       2688     10.603    15.8079    15.7996   3.307717   3.309536     2.4200     2.3785     0.0042  0.0957228 0.0000e+00
       2689     10.537    15.7980    15.7945   3.309381   3.310784     2.4163     2.3736     0.0042  0.0962112 0.0000e+00
       2690     10.636    15.7920    15.7906   3.310766   3.311604     2.4151     2.3687     0.0042  0.0962112 0.0000e+00
       2691     10.661    15.7877    15.7873   3.311566   3.312433     2.4078     2.3638     0.0042  0.0957228 0.0000e+00
       2692     10.661    15.7847    15.7849   3.311991   3.313128     2.4017     2.3589     0.0042  0.0962112 0.0000e+00
       2693     10.702    15.7837    15.7839   3.312412   3.313697     2.3968     2.3541     0.0042  0.0962112 0.0000e+00
       2694     10.727    15.7831    15.7833   3.312748   3.314116     2.3931     2.3492     0.0042  0.0962112 0.0000e+00
       2695     10.727    15.7824    15.7826   3.313044   3.314550     2.3907     2.3443     0.0042  0.0962112 0.0000e+00
       2696     10.727    15.7816    15.7817   3.313241   3.314881     2.3821     2.3394     0.0042  0.0962112 0.0000e+00
       2697     10.760    15.7810    15.7806   3.313515   3.315257     2.3760     2.3345     0.0042  0.0957228 0.0000e+00
       2698     10.842    15.7801    15.7785   3.313924   3.315669     2.3711     2.3296     0.0042  0.0962112 0.0000e+00
       2699     10.842    15.7788    15.7768   3.314483   3.316083     2.3675     2.3248     0.0042  0.0962112 0.0000e+00
       2700     10.825    15.7769    15.7745   3.314935   3.316335     2.3638     2.3199     0.0042  0.0962112 0.0000e+00
       2701     10.842    15.7746    15.7691   3.315190   3.316478     2.3577     2.3150     0.0042  0.0962112 0.0000e+00
       2702     10.842    15.7731    15.7639   3.315379   3.316537     2.3516     2.3101     0.0042  0.0962112 0.0000e+00
       2703     10.883    15.7725    15.7593   3.315710   3.316552     2.3467     2.3052     0.0042  0.0962112 0.0000e+00
       2704     10.908    15.7696    15.7543   3.315882   3.316543     2.3443     2.3016     0.0042  0.0962112 0.0000e+00
       2705     10.965    15.7641    15.7490   3.315958   3.316391     2.3394     2.2967     0.0042  0.0962112 0.0000e+00
       2706     10.908    15.7622    15.7455   3.315857   3.316286     2.3333     2.2918     0.0042  0.0962112 0.0000e+00
       2707     10.949    15.7537    15.7448   3.315910   3.316379     2.3272     2.2869     0.0042  0.0962112 0.0000e+00
       2708     10.908    15.7480    15.7462   3.316118   3.316669     2.3223     2.2820     0.0042  0.0962112 0.0000e+00
       2709     10.965    15.7490    15.7503   3.316144   3.316946     2.3198     2.2771     0.0042  0.0962112 0.0000e+00
       2710     11.006    15.7492    15.7530   3.316174   3.316990     2.3137     2.2735     0.0042  0.0957228 0.0000e+00
       2711     11.031    15.7454    15.7537   3.316135   3.317237     2.3089     2.2686     0.0038  0.0937692 0.0000e+00
       2712     11.031    15.7371    15.7535   3.316219   3.317248     2.3028     2.2649     0.0038  0.0927924 0.0000e+00
       2713     11.089    15.7225    15.7537   3.316819   3.317179     2.2991     2.2600     0.0038  0.0927924 0.0000e+00
       2714     11.006    15.6977    15.7542   3.317736   3.317283     2.2966     2.2564     0.0038  0.0927924 0.0000e+00
       2715     11.031    15.6360    15.7500   3.320582   3.317209     2.2905     2.2527     0.0038  0.0932808 0.0000e+00
       2716     11.089    15.5756    15.7385   3.324842   3.317426     2.2857     2.2490     0.0038  0.0927924 0.0000e+00
       2717     11.006    15.5206    15.7318   3.329018   3.317878     2.2796     2.2442     0.0038  0.0927924 0.0000e+00
       2718     11.031    15.4774    15.7360   3.333761   3.317905     2.2771     2.2405     0.0038  0.0927924 0.0000e+00
       2719     11.088    15.4333    15.7364   3.338448   3.317765     2.2747     2.2356     0.0038  0.0927924 0.0000e+00
       2720     11.088    15.3800    15.7285   3.342767   3.317785     2.2686     2.2320     0.0038  0.0927924 0.0000e+00
       2721     11.064    15.3429    15.7321   3.346418   3.317981     2.2637     2.2295     0.0038  0.0927924 0.0000e+00
       2722     11.088    15.3230    15.7377   3.348940   3.317592     2.2588     2.2246     0.0038  0.0927924 0.0000e+00
       2723     11.146    15.3112    15.7458   3.350291   3.316717     2.2588     2.2210     0.0038  0.0932808 0.0000e+00
       2724     11.064    15.2990    15.7543   3.351022   3.315964     2.2539     2.2173     0.0038  0.0927924 0.0000e+00
       2725     11.146    15.2784    15.7532   3.351986   3.315851     2.2478     2.2136     0.0038  0.0927924 0.0000e+00
       2726     11.146    15.2439    15.7079   3.353488   3.317942     2.2441     2.2100     0.0038  0.0927924 0.0000e+00
       2727     11.129    15.1999    15.6553   3.355290   3.322252     2.2393     2.2063     0.0038  0.0927924 0.0000e+00
       2728     11.088    15.1705    15.6114   3.357363   3.326251     2.2368     2.2026     0.0038  0.0927924 0.0000e+00
       2729     11.146    15.1367    15.5618   3.359126   3.329970     2.2344     2.1990     0.0038  0.0927924 0.0000e+00
       2730     11.088    15.1063    15.5755   3.360439   3.333301     2.2283     2.1953     0.0038  0.0927924 0.0000e+00
       2731     11.187    15.0871    15.6073   3.361356   3.333444     2.2246     2.1917     0.0038  0.0927924 0.0000e+00
       2732     11.146    15.0709    15.6154   3.362262   3.331149     2.2209     2.1880     0.0038  0.0927924 0.0000e+00
       2733     11.212    15.0584    15.6065   3.362968   3.329617     2.2185     2.1843     0.0038  0.0927924 0.0000e+00
       2734     11.187    15.0611    15.5652   3.363501   3.330703     2.2148     2.1819     0.0038  0.0927924 0.0000e+00
       2735     11.212    15.0727    15.4959   3.363234   3.335627     2.2100     2.1782     0.0038  0.0927924 0.0000e+00
       2736     11.146    15.0663    15.4274   3.362503   3.341243     2.2063     2.1746     0.0038  0.0923040 0.0000e+00
       2737     11.269    15.0704    15.3243   3.362374   3.346251     2.2026     2.1709     0.0038  0.0923040 0.0000e+00
       2738     11.187    15.0913    15.2311   3.361830   3.351361     2.2002     2.1685     0.0038  0.0923040 0.0000e+00
       2739     11.211    15.1083    15.1788   3.360783   3.355397     2.1953     2.1648     0.0038  0.0918156 0.0000e+00
       2740     11.211    15.1197    15.1436   3.360155   3.357876     2.1916     2.1611     0.0038  0.0923040 0.0000e+00
       2741     11.187    15.1166    15.1174   3.359679   3.359859     2.1867     2.1587     0.0038  0.0918156 0.0000e+00
       2742     11.269    15.1033    15.0949   3.359871   3.361537     2.1831     2.1550     0.0038  0.0918156 0.0000e+00
       2743     11.211    15.0916    15.0740   3.360636   3.362751     2.1819     2.1526     0.0038  0.0918156 0.0000e+00
       2744     11.269    15.1006    15.0582   3.361180   3.363626     2.1770     2.1501     0.0038  0.0923040 0.0000e+00
       2745     11.252    15.0965    15.0548   3.361146   3.364112     2.1721     2.1465     0.0038  0.0923040 0.0000e+00
       2746     11.335    15.0790    15.0649   3.361699   3.363820     2.1709     2.1440     0.0038  0.0923040 0.0000e+00
       2747     11.269    15.0626    15.0770   3.362673   3.363187     2.1660     2.1404     0.0038  0.0923040 0.0000e+00
       2748     11.252    15.0503    15.0979   3.363582   3.362300     2.1635     2.1379     0.0038  0.0923040 0.0000e+00
       2749     11.335    15.0453    15.1044   3.364032   3.361483     2.1587     2.1355     0.0038  0.0923040 0.0000e+00
       2750     11.269    15.0527    15.0986   3.364084   3.361484     2.1538     2.1318     0.0038  0.0923040 0.0000e+00
       2751     11.335    15.0847    15.0988   3.363617   3.361800     2.1513     2.1294     0.0038  0.0923040 0.0000e+00
       2752     11.310    15.1038    15.1045   3.362264   3.361650     2.1489     2.1257     0.0038  0.0918156 0.0000e+00
       2753     11.269    15.0987    15.1129   3.361259   3.361224     2.1465     2.1233     0.0038  0.0923040 0.0000e+00
       2754     11.334    15.0859    15.0986   3.361295   3.361255     2.1416     2.1208     0.0038  0.0923040 0.0000e+00
