data/2021/ctd_data_day1/Station 3ex 210921.cnv
* Sea-Bird SBE 9 Data File:
* FileName = C:\Users\CTD-User\Desktop\MAR440\Station 3ex 210921.hex
* Software Version Seasave V 7.26.2.13
* Temperature SN = 6313
* Conductivity SN = 4758
* Number of Bytes Per Scan = 30
* Number of Voltage Words = 4
* Number of Scans Averaged by the Deck Unit = 1
* NMEA baud rate = 4800
** Ship:
** Station:
** Operator:
# nquan = 11
# nvalues = 3026                                  
# units = specified
# name 0 = scan: Scan Count
# name 1 = prDM: Pressure, Digiquartz [db]
# name 2 = t090C: Temperature [ITS-90, deg C]
# name 3 = t190C: Temperature, 2 [ITS-90, deg C]
# name 4 = c0S/m: Conductivity [S/m]
# name 5 = c1S/m: Conductivity, 2 [S/m]
# name 6 = sbeox0V: Oxygen raw, SBE 43 [V]
# name 7 = sbeox1V: Oxygen raw, SBE 43, 2 [V]
# name 8 = flECO-AFL: Fluorescence, WET Labs ECO-AFL/FL [mg/m^3]
# name 9 = upoly0: Upoly 0, Turbidity
# name 10 = flag:  0.000e+00
# span 0 =          1,       3026                 
# span 1 =      0.398,     13.226                 
# span 2 =    11.9233,    16.1619                 
# span 3 =    11.8952,    16.1632                 
# span 4 =  -0.000629,   3.418605                 
# span 5 =   0.068124,   3.418735                 
# span 6 =     1.3393,     3.2662                 
# span 7 =     1.3833,     3.1099                 
# span 8 =     0.0035,     0.0441                 
# span 9 =  0.0800940,  0.1890073                 
# span 10 = 0.0000e+00, 0.0000e+00                
# interval = seconds: 0.0416667
# start_time = Sep 21 2021 12:03:19 [System UTC, header]
# bad_flag = -9.990e-29
*END*
[from data line 2099]
       2100      0.965    14.9608    15.0060   2.928846   2.937736     2.1062     2.3236     0.0048  0.1855885  0.000e+00
       2101      0.940    14.9569    15.0171   2.928340   2.938649     2.1160     2.3309     0.0048  0.1855885  0.000e+00
       2102      0.907    14.9567    15.0211   2.927950   2.938269     2.1245     2.3382     0.0048  0.1855885  0.000e+00
       2103      0.940    14.9575    15.0091   2.927933   2.936332     2.1318     2.3468     0.0048  0.1855885  0.000e+00
       2104      0.907    14.9647    14.9898   2.928197   2.933581     2.1404     2.3541     0.0048  0.1855885  0.000e+00
       2105      0.997    14.9871    14.9728   2.929593   2.931336     2.1514     2.3626     0.0048  0.1855885  0.000e+00
       2106      0.907    15.0067    14.9637   2.932128   2.930211     2.1611     2.3700     0.0048  0.1851001  0.000e+00
       2107      0.940    15.0189    14.9590   2.934569   2.929706     2.1709     2.3785     0.0048  0.1855885  0.000e+00
       2108      0.964    15.0236    14.9635   2.936280   2.930461     2.1819     2.3883     0.0048  0.1855885  0.000e+00
       2109      0.940    15.0221    14.9720   2.936891   2.931608     2.1929     2.3956     0.0048  0.1855885  0.000e+00
       2110      0.964    15.0285    14.9736   2.937678   2.931994     2.2027     2.4054     0.0048  0.1855885  0.000e+00
       2111      0.939    15.0343    14.9772   2.939191   2.932483     2.2149     2.4139     0.0048  0.1855885  0.000e+00
       2112      0.906    15.0282    14.9820   2.939477   2.933146     2.2246     2.4225     0.0048  0.1855885  0.000e+00
       2113      0.939    15.0240    14.9857   2.938536   2.933549     2.2381     2.4298     0.0048  0.1855885  0.000e+00
       2114      0.906    15.0189    14.9923   2.938058   2.934320     2.2478     2.4383     0.0048  0.1855885  0.000e+00
       2115      0.939    15.0145    14.9957   2.937315   2.934880     2.2576     2.4469     0.0048  0.1855885  0.000e+00
       2116      0.906    15.0199    14.9947   2.937128   2.934473     2.2686     2.4554     0.0048  0.1855885  0.000e+00
       2117      0.939    15.0231    14.9935   2.937535   2.934201     2.2796     2.4640     0.0048  0.1855885  0.000e+00
       2118      0.906    15.0274    14.9957   2.937997   2.934685     2.2930     2.4713     0.0048  0.1855885  0.000e+00
       2119      0.997    15.0240    15.0030   2.938465   2.935859     2.3028     2.4798     0.0048  0.1855885  0.000e+00
       2120      0.840    15.0128    15.0071   2.937766   2.936621     2.3138     2.4872     0.0048  0.1855885  0.000e+00
       2121      0.873    14.9945    15.0151   2.935686   2.938823     2.3248     2.4957     0.0048  0.1855885  0.000e+00
       2122      0.964    14.9794    15.0531   2.933299   2.942491     2.3333     2.5030     0.0048  0.1855885  0.000e+00
       2123      0.963    14.9703    15.0764   2.931353   2.943416     2.3443     2.5104     0.0048  0.1860769  0.000e+00
       2124      0.873    14.9723    15.0458   2.930654   2.939503     2.3626     2.5177     0.0048  0.1851001  0.000e+00
       2125      0.906    14.9712    15.0145   2.930742   2.935424     2.3773     2.5238     0.0048  0.1846117  0.000e+00
       2126      0.939    14.9735    14.9921   2.930704   2.933135     2.3883     2.5311     0.0048  0.1846117  0.000e+00
       2127      0.906    14.9788    14.9786   2.931028   2.932092     2.4005     2.5372     0.0048  0.1846117  0.000e+00
       2128      0.939    14.9835    14.9676   2.931704   2.931092     2.4102     2.5433     0.0048  0.1846117  0.000e+00
       2129      0.906    14.9857    14.9600   2.932298   2.930027     2.4200     2.5494     0.0048  0.1846117  0.000e+00
       2130      0.873    14.9884    14.9630   2.932683   2.929744     2.4285     2.5555     0.0048  0.1846117  0.000e+00
       2131      0.963    14.9995    14.9995   2.933030   2.932048     2.4371     2.5617     0.0048  0.1846117  0.000e+00
       2132      0.873    15.0074    15.0298   2.934129   2.936854     2.4469     2.5678     0.0048  0.1846117  0.000e+00
       2133      0.906    15.0142    15.0240   2.935362   2.939210     2.4578     2.5739     0.0048  0.1846117  0.000e+00
       2134      0.938    15.0236    15.0127   2.936324   2.938133     2.4676     2.5787     0.0048  0.1846117  0.000e+00
       2135      0.905    15.0309    15.0132   2.937177   2.937007     2.4737     2.5849     0.0048  0.1846117  0.000e+00
       2136      0.938    15.0322    15.0148   2.938074   2.937137     2.4823     2.5897     0.0048  0.1846117  0.000e+00
       2137      0.905    15.0344    15.0086   2.938696   2.936865     2.4933     2.5958     0.0048  0.1846117  0.000e+00
       2138      0.938    15.0341    15.0037   2.938861   2.936039     2.5030     2.6007     0.0048  0.1846117  0.000e+00
       2139      0.963    15.0326    15.0054   2.938999   2.935767     2.5091     2.6056     0.0048  0.1846117  0.000e+00
       2140      0.938    15.0341    15.0128   2.939004   2.936224     2.5177     2.6105     0.0048  0.1846117  0.000e+00
       2141      0.963    15.0387    15.0208   2.938987   2.937202     2.5238     2.6154     0.0048  0.1846117  0.000e+00
       2142      0.938    15.0467    15.0333   2.939703   2.938812     2.5323     2.6215     0.0048  0.1846117  0.000e+00
       2143      0.905    15.0525    15.0414   2.940870   2.940396     2.5421     2.6264     0.0048  0.1846117  0.000e+00
       2144      0.996    15.0513    15.0424   2.941839   2.941206     2.5482     2.6300     0.0048  0.1846117  0.000e+00
       2145      0.905    15.0459    15.0369   2.942076   2.940885     2.5543     2.6337     0.0048  0.1846117  0.000e+00
       2146      0.938    15.0401    15.0337   2.941316   2.940374     2.5616     2.6386     0.0048  0.1846117  0.000e+00
       2147      0.963    15.0349    15.0389   2.940551   2.940352     2.5690     2.6435     0.0048  0.1846117  0.000e+00
       2148      0.938    15.0322    15.0457   2.940116   2.941043     2.5763     2.6471     0.0048  0.1846117  0.000e+00
       2149      0.905    15.0331    15.0425   2.939510   2.941364     2.5824     2.6508     0.0048  0.1836349  0.000e+00
       2150      0.938    15.0270    15.0306   2.939191   2.940222     2.5885     2.6544     0.0046  0.1802161  0.000e+00
       2151      0.905    15.0167    15.0250   2.938536   2.939166     2.5958     2.6593     0.0046  0.1787509  0.000e+00
       2152      0.938    15.0121    15.0182   2.937276   2.938682     2.6019     2.6630     0.0046  0.1787509  0.000e+00
       2153      0.963    15.0107    15.0099   2.936330   2.938018     2.6080     2.6654     0.0046  0.1787509  0.000e+00
       2154      0.872    15.0214    15.0026   2.936330   2.936778     2.6129     2.6691     0.0046  0.1787509  0.000e+00
       2155      0.963    15.0344    15.0035   2.937067   2.936044     2.6178     2.6728     0.0046  0.1787509  0.000e+00
       2156      0.938    15.0339    15.0076   2.937755   2.936283     2.6239     2.6764     0.0046  0.1787509  0.000e+00
       2157      0.839    15.0292    15.0089   2.938261   2.936838     2.6300     2.6801     0.0046  0.1787509  0.000e+00
       2158      0.938    15.0245    15.0186   2.938305   2.937333     2.6349     2.6825     0.0046  0.1787509  0.000e+00
       2159      0.905    15.0223    15.0270   2.938024   2.938307     2.6386     2.6862     0.0046  0.1787509  0.000e+00
       2160      0.938    15.0206    15.0328   2.937590   2.939340     2.6447     2.6899     0.0046  0.1787509  0.000e+00
       2161      0.905    15.0177    15.0406   2.937507   2.940477     2.6483     2.6923     0.0046  0.1787509  0.000e+00
       2162      0.872    15.0142    15.0484   2.937155   2.941680     2.6557     2.6947     0.0046  0.1787509  0.000e+00
       2163      0.905    15.0114    15.0531   2.936583   2.942344     2.6593     2.6972     0.0046  0.1787509  0.000e+00
       2164      0.938    15.0091    15.0516   2.936247   2.942714     2.6630     2.7008     0.0046  0.1787509  0.000e+00
       2165      0.905    15.0068    15.0365   2.936055   2.941952     2.6666     2.7033     0.0046  0.1787509  0.000e+00
       2166      0.872    15.0058    15.0237   2.935774   2.939857     2.6740     2.7057     0.0046  0.1787509  0.000e+00
       2167      0.905    15.0066    15.0172   2.935510   2.938345     2.6776     2.7082     0.0046  0.1787509  0.000e+00
       2168      0.938    15.0095    15.0159   2.935615   2.937719     2.6801     2.7106     0.0046  0.1787509  0.000e+00
       2169      0.839    15.0123    15.0145   2.936011   2.937714     2.6825     2.7131     0.0046  0.1787509  0.000e+00
       2170      0.937    15.0128    15.0145   2.936374   2.937746     2.6886     2.7155     0.0046  0.1787509  0.000e+00
       2171      0.904    15.0123    15.0125   2.936478   2.937784     2.6935     2.7179     0.0046  0.1787509  0.000e+00
       2172      0.937    15.0150    15.0109   2.936423   2.937616     2.6984     2.7204     0.0046  0.1787509  0.000e+00
       2173      0.904    15.0202    15.0176   2.936874   2.937882     2.6984     2.7228     0.0046  0.1787509  0.000e+00
       2174      0.937    15.0243    15.0235   2.937425   2.938617     2.7021     2.7253     0.0046  0.1787509  0.000e+00
       2175      0.904    15.0285    15.0308   2.938074   2.939629     2.7057     2.7265     0.0048  0.1787509  0.000e+00
       2176      0.937    15.0321    15.0361   2.938679   2.940352     2.7106     2.7289     0.0048  0.1782625  0.000e+00
       2177      0.904    15.0339    15.0357   2.939054   2.940635     2.7143     2.7314     0.0048  0.1782625  0.000e+00
       2178      0.937    15.0316    15.0340   2.939224   2.940423     2.7167     2.7338     0.0048  0.1782625  0.000e+00
       2179      0.962    15.0294    15.0320   2.939109   2.940227     2.7191     2.7350     0.0048  0.1782625  0.000e+00
       2180      0.937    15.0270    15.0303   2.938883   2.940222     2.7216     2.7375     0.0048  0.1782625  0.000e+00
       2181      0.962    15.0265    15.0300   2.938591   2.940075     2.7265     2.7387     0.0048  0.1782625  0.000e+00
       2182      0.937    15.0258    15.0286   2.938520   2.939868     2.7289     2.7411     0.0048  0.1782625  0.000e+00
       2183      0.904    15.0255    15.0270   2.938487   2.939650     2.7326     2.7424     0.0048  0.1782625  0.000e+00
       2184      0.995    15.0258    15.0264   2.938443   2.939302     2.7326     2.7448     0.0048  0.1782625  0.000e+00
       2185      0.904    15.0255    15.0264   2.938333   2.939335     2.7375     2.7460     0.0048  0.1782625  0.000e+00
       2186      0.937    15.0247    15.0262   2.938366   2.939351     2.7423     2.7472     0.0048  0.1782625  0.000e+00
       2187      0.962    15.0241    15.0269   2.938261   2.939411     2.7423     2.7485     0.0048  0.1782625  0.000e+00
       2188      0.937    15.0236    15.0277   2.938030   2.939465     2.7436     2.7497     0.0048  0.1782625  0.000e+00
       2189      0.904    15.0226    15.0277   2.938019   2.939444     2.7460     2.7521     0.0048  0.1782625  0.000e+00
       2190      0.937    15.0220    15.0269   2.938025   2.939580     2.7497     2.7534     0.0048  0.1782625  0.000e+00
       2191      0.904    15.0221    15.0266   2.937958   2.939329     2.7521     2.7546     0.0048  0.1782625  0.000e+00
       2192      0.871    15.0211    15.0250   2.937876   2.939324     2.7533     2.7558     0.0048  0.1782625  0.000e+00
       2193      0.961    15.0202    15.0225   2.937826   2.939057     2.7558     2.7570     0.0048  0.1782625  0.000e+00
       2194      0.871    15.0186    15.0208   2.937639   2.938807     2.7570     2.7582     0.0048  0.1782625  0.000e+00
       2195      0.904    15.0169    15.0199   2.937397   2.938595     2.7607     2.7607     0.0048  0.1782625  0.000e+00
       2196      0.871    15.0163    15.0213   2.937271   2.938415     2.7631     2.7607     0.0048  0.1782625  0.000e+00
       2197      0.961    15.0159    15.0218   2.937194   2.938541     2.7643     2.7631     0.0048  0.1782625  0.000e+00
       2198      0.904    15.0152    15.0204   2.937133   2.938557     2.7655     2.7631     0.0048  0.1782625  0.000e+00
       2199      0.937    15.0153    15.0196   2.936974   2.938437     2.7668     2.7656     0.0048  0.1782625  0.000e+00
       2200      0.904    15.0159    15.0203   2.937084   2.938263     2.7704     2.7656     0.0048  0.1782625  0.000e+00
       2201      0.937    15.0163    15.0194   2.937144   2.938437     2.7729     2.7668     0.0048  0.1782625  0.000e+00
       2202      0.904    15.0165    15.0169   2.937106   2.938209     2.7741     2.7680     0.0048  0.1782625  0.000e+00
       2203      0.936    15.0173    15.0159   2.937073   2.937980     2.7741     2.7692     0.0048  0.1782625  0.000e+00
       2204      0.903    15.0190    15.0159   2.937342   2.937899     2.7765     2.7704     0.0048  0.1782625  0.000e+00
       2205      0.936    15.0206    15.0167   2.937546   2.937986     2.7802     2.7717     0.0048  0.1782625  0.000e+00
       2206      0.903    15.0201    15.0169   2.937480   2.938067     2.7814     2.7729     0.0048  0.1782625  0.000e+00
       2207      0.870    15.0206    15.0162   2.937645   2.938051     2.7814     2.7729     0.0048  0.1782625  0.000e+00
       2208      0.903    15.0220    15.0193   2.937881   2.938094     2.7826     2.7741     0.0048  0.1782625  0.000e+00
       2209      0.936    15.0226    15.0225   2.937920   2.938432     2.7851     2.7753     0.0048  0.1782625  0.000e+00
       2210      0.903    15.0216    15.0238   2.938036   2.938997     2.7863     2.7766     0.0048  0.1782625  0.000e+00
       2211      0.936    15.0203    15.0243   2.938025   2.939139     2.7875     2.7766     0.0048  0.1782625  0.000e+00
       2212      0.903    15.0206    15.0247   2.937810   2.939199     2.7912     2.7778     0.0048  0.1782625  0.000e+00
       2213      0.936    15.0199    15.0250   2.937832   2.939166     2.7900     2.7790     0.0048  0.1782625  0.000e+00
       2214      0.961    15.0150    15.0218   2.937683   2.939019     2.7924     2.7790     0.0048  0.1782625  0.000e+00
       2215      0.936    15.0107    15.0164   2.937144   2.938530     2.7961     2.7802     0.0048  0.1782625  0.000e+00
       2216      0.903    15.0096    15.0133   2.936550   2.937904     2.7961     2.7802     0.0048  0.1782625  0.000e+00
       2217      0.994    15.0108    15.0137   2.936423   2.937442     2.7948     2.7814     0.0048  0.1782625  0.000e+00
       2218      0.903    15.0131    15.0157   2.936489   2.937703     2.7961     2.7827     0.0048  0.1782625  0.000e+00
       2219      0.936    15.0146    15.0182   2.936720   2.938225     2.7985     2.7827     0.0048  0.1782625  0.000e+00
       2220      0.961    15.0148    15.0186   2.936792   2.938595     2.8010     2.7839     0.0048  0.1782625  0.000e+00
       2221      0.936    15.0147    15.0210   2.936875   2.938698     2.8010     2.7839     0.0048  0.1782625  0.000e+00
       2222      0.961    15.0155    15.0254   2.937018   2.939008     2.8010     2.7851     0.0048  0.1782625  0.000e+00
       2223      0.870    15.0169    15.0287   2.937001   2.939639     2.8022     2.7851     0.0048  0.1782625  0.000e+00
       2224      0.960    15.0171    15.0290   2.937023   2.939971     2.8058     2.7851     0.0048  0.1782625  0.000e+00
       2225      0.870    15.0169    15.0293   2.937073   2.940096     2.8058     2.7863     0.0048  0.1782625  0.000e+00
       2226      0.960    15.0157    15.0323   2.937067   2.940189     2.8058     2.7863     0.0048  0.1782625  0.000e+00
       2227      0.936    15.0192    15.0318   2.937128   2.940309     2.8058     2.7875     0.0046  0.1782625  0.000e+00
       2228      0.903    15.0233    15.0281   2.937474   2.940276     2.8071     2.7875     0.0046  0.1782625  0.000e+00
       2229      0.936    15.0247    15.0249   2.937964   2.939879     2.8107     2.7888     0.0046  0.1782625  0.000e+00
