data/2021/ctd_data_day1/Station 2 210921_ctm_fil_le_der.cnv
* Sea-Bird SBE 9 Data File:
* FileName = C:\Users\CTD-User\Desktop\MAR440\Station 2 210921.hex
* Software Version Seasave V 7.26.2.13
* Temperature SN = 6313
* Conductivity SN = 4758
* Number of Bytes Per Scan = 30
* Number of Voltage Words = 4
* Number of Scans Averaged by the Deck Unit = 1
* NMEA baud rate = 4800
** Ship:
** Station:
** Operator:
# nquan = 16                                
# nvalues = 6110                        
# units = specified
# name 0 = scan: Scan Count
# name 1 = prDM: Pressure, Digiquartz [db]
# name 2 = t090C: Temperature [ITS-90, deg C]
# name 3 = t190C: Temperature, 2 [ITS-90, deg C]
# name 4 = c0S/m: Conductivity [S/m]
# name 5 = c1S/m: Conductivity, 2 [S/m]
# name 6 = sbeox0V: Oxygen raw, SBE 43 [V]
# name 7 = sbeox1V: Oxygen raw, SBE 43, 2 [V]
# name 8 = flECO-AFL: Fluorescence, WET Labs ECO-AFL/FL [mg/m^3]
# name 9 = upoly0: Upoly 0, Turbidity
# name 10 = depSM: Depth [salt water, m], lat = 59
# name 11 = sal00: Salinity, Practical [PSU]
# name 12 = sal11: Salinity, Practical, 2 [PSU]
# name 13 = sbeox0ML/L: Oxygen, SBE 43 [ml/l], WS = 2
# name 14 = sbeox1ML/L: Oxygen, SBE 43, 2 [ml/l], WS = 2
# name 15 = flag: flag
# span 0 =          1,       6110       
# span 1 =      0.272,     43.391       
# span 2 =     7.9822,    16.1562       
# span 3 =     7.9816,    16.1577       
# span 4 =  -0.000572,   3.484935       
# span 5 =   1.131490,   3.486137       
# span 6 =     0.4727,     3.0246       
# span 7 =     0.5280,     2.8397       
# span 8 =     0.0033,     0.0408       
# span 9 =  0.0809230,  0.2244552       
# span 10 =      0.269,     42.981      
# span 11 =     0.0000,    32.1406      
# span 12 =     0.0000,    32.1477      
# span 13 =    -0.1372,     9.2111      
# span 14 =     0.1552,     6.0982      
# span 15 = 0.0000e+00, 0.0000e+00      
# interval = seconds: 0.0416667
# start_time = Sep 21 2021 09:07:42 [System UTC, header]
# bad_flag = -9.990e-29
*END*
[from data line 4972]
       4973     24.189     8.1810     8.1836   3.289118   3.290607     0.5509     0.5801     0.0106  0.1546732     23.961    31.2817    31.2951     0.0391     0.2725 0.0000e+00
       4974     24.210     8.1822     8.1848   3.289406   3.290898     0.5505     0.5799     0.0106  0.1542183     23.982    31.2837    31.2971     0.0382     0.2722 0.0000e+00
       4975     24.232     8.1833     8.1860   3.289696   3.291192     0.5501     0.5797     0.0106  0.1537627     24.004    31.2857    31.2991     0.0374     0.2719 0.0000e+00
       4976     24.254     8.1845     8.1873   3.289989   3.291489     0.5498     0.5795     0.0106  0.1533030     24.026    31.2877    31.3011     0.0370     0.2716 0.0000e+00
       4977     24.275     8.1857     8.1885   3.290285   3.291791     0.5494     0.5793     0.0106  0.1528363     24.047    31.2898    31.3032     0.0361     0.2714 0.0000e+00
       4978     24.297     8.1869     8.1898   3.290586   3.292097     0.5490     0.5791     0.0104  0.1523599     24.068    31.2919    31.3052     0.0353     0.2711 0.0000e+00
       4979     24.319     8.1882     8.1911   3.290892   3.292410     0.5486     0.5789     0.0106  0.1518716     24.090    31.2939    31.3073     0.0346     0.2707 0.0000e+00
       4980     24.341     8.1895     8.1924   3.291204   3.292729     0.5483     0.5787     0.0106  0.1513670     24.112    31.2961    31.3095     0.0340     0.2704 0.0000e+00
       4981     24.363     8.1908     8.1938   3.291523   3.293055     0.5479     0.5785     0.0104  0.1508427     24.134    31.2982    31.3117     0.0332     0.2700 0.0000e+00
       4982     24.384     8.1921     8.1952   3.291849   3.293389     0.5475     0.5783     0.0106  0.1502957     24.155    31.3005    31.3140     0.0324     0.2697 0.0000e+00
       4983     24.406     8.1935     8.1967   3.292182   3.293732     0.5471     0.5781     0.0104  0.1497233     24.176    31.3028    31.3162     0.0316     0.2694 0.0000e+00
       4984     24.428     8.1949     8.1982   3.292524   3.294082     0.5467     0.5779     0.0102  0.1491349     24.198    31.3051    31.3186     0.0308     0.2690 0.0000e+00
       4985     24.450     8.1964     8.1998   3.292874   3.294440     0.5464     0.5777     0.0101  0.1485563     24.220    31.3074    31.3209     0.0303     0.2687 0.0000e+00
       4986     24.472     8.1979     8.2014   3.293232   3.294807     0.5460     0.5775     0.0101  0.1480071     24.242    31.3099    31.3233     0.0295     0.2684 0.0000e+00
       4987     24.494     8.1995     8.2030   3.293599   3.295182     0.5456     0.5774     0.0101  0.1474904     24.264    31.3123    31.3259     0.0287     0.2683 0.0000e+00
       4988     24.516     8.2011     8.2046   3.293974   3.295564     0.5452     0.5772     0.0101  0.1470017     24.285    31.3148    31.3284     0.0278     0.2680 0.0000e+00
       4989     24.538     8.2027     8.2063   3.294357   3.295953     0.5449     0.5770     0.0099  0.1465367     24.307    31.3174    31.3310     0.0273     0.2676 0.0000e+00
       4990     24.560     8.2044     8.2081   3.294748   3.296348     0.5445     0.5768     0.0101  0.1460923     24.329    31.3200    31.3336     0.0264     0.2673 0.0000e+00
       4991     24.582     8.2061     8.2098   3.295144   3.296748     0.5442     0.5766     0.0101  0.1456654     24.351    31.3227    31.3362     0.0259     0.2669 0.0000e+00
       4992     24.603     8.2078     8.2115   3.295546   3.297153     0.5438     0.5765     0.0101  0.1452528     24.372    31.3254    31.3390     0.0251     0.2668 0.0000e+00
       4993     24.625     8.2095     8.2133   3.295953   3.297561     0.5435     0.5763     0.0101  0.1448519     24.393    31.3281    31.3417     0.0246     0.2665 0.0000e+00
       4994     24.647     8.2112     8.2151   3.296364   3.297973     0.5431     0.5761     0.0101  0.1444598     24.415    31.3309    31.3444     0.0237     0.2662 0.0000e+00
       4995     24.669     8.2130     8.2168   3.296777   3.298387     0.5427     0.5760     0.0101  0.1440738     24.437    31.3337    31.3472     0.0229     0.2661 0.0000e+00
       4996     24.691     8.2148     8.2186   3.297194   3.298803     0.5424     0.5758     0.0101  0.1436911     24.459    31.3364    31.3500     0.0224     0.2657 0.0000e+00
       4997     24.712     8.2165     8.2203   3.297611   3.299218     0.5420     0.5756     0.0101  0.1433092     24.480    31.3393    31.3528     0.0216     0.2653 0.0000e+00
       4998     24.734     8.2183     8.2221   3.298028   3.299632     0.5416     0.5755     0.0101  0.1429254     24.501    31.3421    31.3556     0.0208     0.2652 0.0000e+00
       4999     24.756     8.2200     8.2238   3.298443   3.300044     0.5413     0.5753     0.0101  0.1425378     24.523    31.3449    31.3584     0.0203     0.2648 0.0000e+00
       5000     24.778     8.2218     8.2255   3.298857   3.300454     0.5409     0.5751     0.0101  0.1421446     24.545    31.3477    31.3612     0.0195     0.2645 0.0000e+00
       5001     24.800     8.2235     8.2272   3.299269   3.300862     0.5406     0.5750     0.0101  0.1417422     24.567    31.3505    31.3640     0.0191     0.2643 0.0000e+00
       5002     24.822     8.2252     8.2289   3.299679   3.301268     0.5403     0.5748     0.0101  0.1413270     24.588    31.3533    31.3667     0.0187     0.2640 0.0000e+00
       5003     24.844     8.2269     8.2306   3.300087   3.301671     0.5400     0.5746     0.0101  0.1408961     24.610    31.3560    31.3694     0.0183     0.2636 0.0000e+00
       5004     24.866     8.2286     8.2322   3.300493   3.302072     0.5396     0.5744     0.0101  0.1404465     24.632    31.3588    31.3722     0.0175     0.2632 0.0000e+00
       5005     24.888     8.2303     8.2339   3.300896   3.302470     0.5393     0.5743     0.0101  0.1399750     24.654    31.3615    31.3749     0.0171     0.2631 0.0000e+00
       5006     24.910     8.2320     8.2355   3.301296   3.302866     0.5390     0.5741     0.0101  0.1394785     24.676    31.3642    31.3776     0.0167     0.2627 0.0000e+00
       5007     24.932     8.2337     8.2372   3.301694   3.303261     0.5387     0.5740     0.0101  0.1389533     24.697    31.3669    31.3802     0.0162     0.2625 0.0000e+00
       5008     24.955     8.2353     8.2388   3.302090   3.303654     0.5384     0.5738     0.0101  0.1383959     24.720    31.3696    31.3829     0.0158     0.2621 0.0000e+00
       5009     24.977     8.2370     8.2404   3.302484   3.304046     0.5381     0.5737     0.0101  0.1378110     24.742    31.3722    31.3856     0.0153     0.2620 0.0000e+00
       5010     24.999     8.2386     8.2421   3.302876   3.304437     0.5378     0.5735     0.0101  0.1372223     24.764    31.3749    31.3882     0.0148     0.2615 0.0000e+00
       5011     25.021     8.2403     8.2437   3.303268   3.304827     0.5374     0.5733     0.0099  0.1366599     24.786    31.3775    31.3909     0.0140     0.2611 0.0000e+00
       5012     25.043     8.2419     8.2453   3.303659   3.305216     0.5371     0.5732     0.0101  0.1361368     24.807    31.3802    31.3935     0.0135     0.2610 0.0000e+00
       5013     25.065     8.2435     8.2470   3.304049   3.305604     0.5368     0.5730     0.0101  0.1356502     24.829    31.3828    31.3961     0.0130     0.2606 0.0000e+00
       5014     25.087     8.2452     8.2486   3.304438   3.305991     0.5365     0.5729     0.0101  0.1351950     24.851    31.3854    31.3987     0.0126     0.2604 0.0000e+00
       5015     25.109     8.2468     8.2502   3.304825   3.306375     0.5362     0.5727     0.0101  0.1347690     24.873    31.3880    31.4013     0.0121     0.2600 0.0000e+00
       5016     25.131     8.2484     8.2518   3.305210   3.306756     0.5360     0.5726     0.0101  0.1343691     24.895    31.3907    31.4039     0.0119     0.2598 0.0000e+00
       5017     25.153     8.2500     8.2534   3.305594   3.307135     0.5357     0.5724     0.0101  0.1339917     24.916    31.3933    31.4064     0.0114     0.2594 0.0000e+00
       5018     25.175     8.2516     8.2550   3.305976   3.307511     0.5354     0.5723     0.0101  0.1336343     24.938    31.3958    31.4090     0.0109     0.2593 0.0000e+00
       5019     25.197     8.2532     8.2566   3.306355   3.307884     0.5351     0.5721     0.0101  0.1332942     24.960    31.3984    31.4114     0.0104     0.2589 0.0000e+00
       5020     25.219     8.2548     8.2581   3.306732   3.308254     0.5348     0.5720     0.0101  0.1329691     24.982    31.4009    31.4140     0.0098     0.2588 0.0000e+00
       5021     25.241     8.2564     8.2597   3.307106   3.308621     0.5346     0.5718     0.0101  0.1326560     25.004    31.4034    31.4164     0.0096     0.2584 0.0000e+00
       5022     25.263     8.2579     8.2612   3.307477   3.308985     0.5343     0.5717     0.0101  0.1323518     25.025    31.4060    31.4189     0.0090     0.2582 0.0000e+00
       5023     25.285     8.2595     8.2628   3.307845   3.309345     0.5340     0.5715     0.0101  0.1320544     25.047    31.4084    31.4212     0.0084     0.2578 0.0000e+00
       5024     25.307     8.2610     8.2643   3.308212   3.309703     0.5338     0.5714     0.0101  0.1317617     25.069    31.4109    31.4237     0.0081     0.2577 0.0000e+00
       5025     25.329     8.2626     8.2659   3.308575   3.310058     0.5335     0.5712     0.0101  0.1314717     25.091    31.4133    31.4259     0.0074     0.2573 0.0000e+00
       5026     25.351     8.2641     8.2674   3.308935   3.310410     0.5332     0.5711     0.0101  0.1311824     25.112    31.4157    31.4283     0.0068     0.2572 0.0000e+00
       5027     25.373     8.2656     8.2689   3.309292   3.310759     0.5330     0.5710     0.0101  0.1308926     25.134    31.4181    31.4306     0.0064     0.2571 0.0000e+00
       5028     25.395     8.2671     8.2704   3.309645   3.311106     0.5327     0.5708     0.0101  0.1306011     25.156    31.4205    31.4329     0.0058     0.2567 0.0000e+00
       5029     25.417     8.2686     8.2718   3.309994   3.311451     0.5324     0.5707     0.0101  0.1303050     25.178    31.4228    31.4353     0.0051     0.2565 0.0000e+00
       5030     25.440     8.2701     8.2733   3.310340   3.311792     0.5321     0.5705     0.0101  0.1300024     25.201    31.4251    31.4375     0.0044     0.2562 0.0000e+00
       5031     25.462     8.2716     8.2748   3.310683   3.312131     0.5318     0.5704     0.0101  0.1296919     25.222    31.4274    31.4397     0.0038     0.2560 0.0000e+00
       5032     25.484     8.2731     8.2762   3.311022   3.312468     0.5316     0.5703     0.0101  0.1293713     25.244    31.4296    31.4420     0.0035     0.2559 0.0000e+00
       5033     25.506     8.2745     8.2776   3.311359   3.312802     0.5313     0.5701     0.0101  0.1290386     25.266    31.4319    31.4443     0.0028     0.2555 0.0000e+00
       5034     25.528     8.2760     8.2790   3.311693   3.313133     0.5310     0.5700     0.0099  0.1286912     25.288    31.4340    31.4465     0.0022     0.2553 0.0000e+00
       5035     25.550     8.2774     8.2804   3.312024   3.313462     0.5308     0.5699     0.0101  0.1283346     25.310    31.4363    31.4487     0.0019     0.2552 0.0000e+00
       5036     25.572     8.2788     8.2818   3.312351   3.313788     0.5305     0.5697     0.0101  0.1279848     25.331    31.4384    31.4509     0.0012     0.2548 0.0000e+00
       5037     25.595     8.2802     8.2832   3.312676   3.314111     0.5303     0.5696     0.0101  0.1276547     25.354    31.4406    31.4530     0.0009     0.2546 0.0000e+00
       5038     25.617     8.2816     8.2845   3.312999   3.314432     0.5300     0.5695     0.0101  0.1273463     25.376    31.4427    31.4552     0.0002     0.2545 0.0000e+00
       5039     25.639     8.2829     8.2859   3.313318   3.314750     0.5298     0.5693     0.0101  0.1270575     25.398    31.4449    31.4573    -0.0002     0.2541 0.0000e+00
       5040     25.661     8.2843     8.2872   3.313635   3.315065     0.5295     0.5692     0.0099  0.1267861     25.420    31.4470    31.4594    -0.0009     0.2539 0.0000e+00
       5041     25.684     8.2856     8.2885   3.313948   3.315377     0.5293     0.5691     0.0101  0.1265304     25.442    31.4491    31.4615    -0.0012     0.2538 0.0000e+00
       5042     25.706     8.2869     8.2898   3.314258   3.315687     0.5290     0.5690     0.0101  0.1262886     25.464    31.4512    31.4636    -0.0018     0.2536 0.0000e+00
       5043     25.728     8.2882     8.2911   3.314565   3.315994     0.5287     0.5689     0.0101  0.1260589     25.486    31.4532    31.4657    -0.0025     0.2535 0.0000e+00
       5044     25.750     8.2895     8.2924   3.314870   3.316298     0.5285     0.5687     0.0101  0.1258398     25.508    31.4553    31.4677    -0.0029     0.2530 0.0000e+00
       5045     25.772     8.2908     8.2937   3.315171   3.316599     0.5282     0.5686     0.0101  0.1256298     25.529    31.4573    31.4697    -0.0036     0.2529 0.0000e+00
       5046     25.794     8.2921     8.2950   3.315471   3.316899     0.5280     0.5685     0.0101  0.1254273     25.551    31.4593    31.4717    -0.0039     0.2527 0.0000e+00
       5047     25.817     8.2934     8.2962   3.315769   3.317195     0.5277     0.5684     0.0101  0.1252311     25.574    31.4612    31.4737    -0.0046     0.2526 0.0000e+00
       5048     25.839     8.2946     8.2975   3.316066   3.317490     0.5275     0.5683     0.0101  0.1250396     25.596    31.4633    31.4756    -0.0049     0.2524 0.0000e+00
       5049     25.861     8.2959     8.2987   3.316361   3.317784     0.5272     0.5681     0.0101  0.1248517     25.618    31.4652    31.4776    -0.0056     0.2519 0.0000e+00
       5050     25.883     8.2971     8.3000   3.316655   3.318076     0.5270     0.5680     0.0101  0.1246659     25.639    31.4672    31.4795    -0.0059     0.2517 0.0000e+00
       5051     25.906     8.2984     8.3012   3.316948   3.318368     0.5267     0.5679     0.0101  0.1244810     25.662    31.4691    31.4815    -0.0067     0.2515 0.0000e+00
       5052     25.928     8.2996     8.3025   3.317240   3.318660     0.5265     0.5678     0.0101  0.1242957     25.684    31.4711    31.4834    -0.0070     0.2514 0.0000e+00
       5053     25.950     8.3009     8.3037   3.317532   3.318952     0.5263     0.5677     0.0101  0.1241087     25.706    31.4730    31.4854    -0.0073     0.2512 0.0000e+00
       5054     25.972     8.3022     8.3050   3.317826   3.319246     0.5261     0.5676     0.0101  0.1239188     25.728    31.4749    31.4873    -0.0077     0.2510 0.0000e+00
       5055     25.995     8.3035     8.3063   3.318120   3.319540     0.5259     0.5674     0.0101  0.1237245     25.750    31.4768    31.4893    -0.0081     0.2505 0.0000e+00
       5056     26.017     8.3048     8.3076   3.318417   3.319837     0.5256     0.5673     0.0101  0.1235245     25.772    31.4788    31.4912    -0.0088     0.2503 0.0000e+00
       5057     26.039     8.3061     8.3089   3.318715   3.320136     0.5254     0.5672     0.0101  0.1233175     25.794    31.4807    31.4932    -0.0092     0.2501 0.0000e+00
       5058     26.062     8.3074     8.3102   3.319015   3.320437     0.5252     0.5671     0.0101  0.1231020     25.817    31.4827    31.4952    -0.0096     0.2498 0.0000e+00
       5059     26.084     8.3087     8.3115   3.319317   3.320742     0.5250     0.5670     0.0101  0.1228766     25.839    31.4847    31.4972    -0.0100     0.2496 0.0000e+00
       5060     26.106     8.3100     8.3129   3.319623   3.321051     0.5248     0.5669     0.0101  0.1226421     25.860    31.4868    31.4992    -0.0104     0.2494 0.0000e+00
       5061     26.128     8.3114     8.3143   3.319932   3.321363     0.5246     0.5667     0.0101  0.1224062     25.882    31.4888    31.5012    -0.0108     0.2488 0.0000e+00
       5062     26.151     8.3128     8.3157   3.320245   3.321681     0.5244     0.5666     0.0101  0.1221794     25.905    31.4908    31.5033    -0.0112     0.2486 0.0000e+00
