data/2021/ctd_data_day1/Station 4ex 210921_ctm.cnv
* Sea-Bird SBE 9 Data File:
* FileName = C:\Users\CTD-User\Desktop\MAR440\Station 4ex 210921.hex
* Software Version Seasave V 7.26.2.13
* Temperature SN = 6313
* Conductivity SN = 4758
* Number of Bytes Per Scan = 30
* Number of Voltage Words = 4
* Number of Scans Averaged by the Deck Unit = 1
* NMEA baud rate = 4800
** Ship:
** Station:
** Operator:
# nquan = 11
# nvalues = 6123                        
# units = specified
# name 0 = scan: Scan Count
# name 1 = prDM: Pressure, Digiquartz [db]
# name 2 = t090C: Temperature [ITS-90, deg C]
# name 3 = t190C: Temperature, 2 [ITS-90, deg C]
# name 4 = c0S/m: Conductivity [S/m]
# name 5 = c1S/m: Conductivity, 2 [S/m]
# name 6 = sbeox0V: Oxygen raw, SBE 43 [V]
# name 7 = sbeox1V: Oxygen raw, SBE 43, 2 [V]
# name 8 = flECO-AFL: Fluorescence, WET Labs ECO-AFL/FL [mg/m^3]
# name 9 = upoly0: Upoly 0, Turbidity
# name 10 = flag:  0.000e+00
# span 0 =          1,       6123       
# span 1 =      0.204,     43.521       
# span 2 =     7.9722,    16.0343       
# span 3 =     7.9734,    15.9665       
# span 4 =  -0.000854,   3.482181       
# span 5 =   0.276017,   3.482947       
# span 6 =     0.4687,     3.2015       
# span 7 =     0.5358,     3.0635       
# span 8 =     0.0033,     0.0524       
# span 9 =  0.0800940,  0.2168462       
# span 10 = 0.0000e+00, 0.0000e+00      
# interval = seconds: 0.0416667
# start_time = Sep 21 2021 12:21:52 [System UTC, header]
# bad_flag = -9.990e-29
*END*
[from data line 4722]
       4723     23.768     8.1714     8.1735   3.287028   3.288310     0.5554     0.5993     0.0108  0.1616569 0.0000e+00
       4724     23.891     8.1722     8.1746   3.287322   3.288432     0.5529     0.5993     0.0108  0.1616569 0.0000e+00
       4725     23.834     8.1733     8.1752   3.287548   3.288608     0.5529     0.5993     0.0108  0.1616569 0.0000e+00
       4726     23.891     8.1738     8.1761   3.287668   3.288831     0.5541     0.5981     0.0106  0.1616569 0.0000e+00
       4727     23.883     8.1749     8.1767   3.287877   3.289019     0.5529     0.5981     0.0108  0.1616569 0.0000e+00
       4728     23.949     8.1758     8.1779   3.288079   3.289123     0.5541     0.5981     0.0108  0.1616569 0.0000e+00
       4729     23.891     8.1764     8.1785   3.288198   3.289300     0.5517     0.5981     0.0108  0.1616569 0.0000e+00
       4730     23.949     8.1774     8.1794   3.288481   3.289567     0.5505     0.5981     0.0108  0.1616569 0.0000e+00
       4731     24.015     8.1779     8.1805   3.288693   3.289790     0.5493     0.5981     0.0108  0.1616569 0.0000e+00
       4732     24.015     8.1787     8.1813   3.288899   3.290034     0.5517     0.5969     0.0108  0.1616569 0.0000e+00
       4733     24.015     8.1795     8.1819   3.289095   3.290319     0.5505     0.5969     0.0108  0.1616569 0.0000e+00
       4734     24.073     8.1802     8.1824   3.289278   3.290493     0.5493     0.5969     0.0108  0.1616569 0.0000e+00
       4735     24.073     8.1809     8.1832   3.289443   3.290636     0.5480     0.5969     0.0106  0.1597033 0.0000e+00
       4736     24.073     8.1821     8.1840   3.289692   3.290778     0.5493     0.5969     0.0106  0.1548193 0.0000e+00
       4737     24.139     8.1826     8.1849   3.289833   3.290879     0.5493     0.5957     0.0106  0.1523773 0.0000e+00
       4738     24.139     8.1834     8.1857   3.290006   3.291141     0.5480     0.5957     0.0106  0.1523773 0.0000e+00
       4739     24.196     8.1844     8.1867   3.290177   3.291374     0.5468     0.5957     0.0106  0.1523773 0.0000e+00
       4740     24.196     8.1852     8.1880   3.290331   3.291574     0.5468     0.5957     0.0106  0.1528657 0.0000e+00
       4741     24.196     8.1861     8.1889   3.290492   3.291846     0.5468     0.5957     0.0106  0.1528657 0.0000e+00
       4742     24.262     8.1874     8.1905   3.290757   3.292139     0.5493     0.5957     0.0104  0.1523773 0.0000e+00
       4743     24.262     8.1887     8.1923   3.291143   3.292476     0.5468     0.5957     0.0106  0.1523773 0.0000e+00
       4744     24.262     8.1908     8.1944   3.291485   3.292878     0.5456     0.5945     0.0106  0.1528657 0.0000e+00
       4745     24.320     8.1928     8.1964   3.291879   3.293267     0.5444     0.5945     0.0106  0.1523773 0.0000e+00
       4746     24.320     8.1959     8.1990   3.292432   3.293784     0.5444     0.5945     0.0106  0.1528657 0.0000e+00
       4747     24.378     8.1988     8.2016   3.292984   3.294340     0.5456     0.5945     0.0106  0.1528657 0.0000e+00
       4748     24.320     8.2005     8.2047   3.293468   3.294939     0.5444     0.5945     0.0106  0.1523773 0.0000e+00
       4749     24.444     8.2028     8.2067   3.294080   3.295401     0.5444     0.5932     0.0106  0.1528657 0.0000e+00
       4750     24.378     8.2056     8.2089   3.294580   3.295950     0.5432     0.5932     0.0106  0.1528657 0.0000e+00
       4751     24.444     8.2076     8.2119   3.295111   3.296611     0.5432     0.5932     0.0106  0.1528657 0.0000e+00
       4752     24.501     8.2099     8.2144   3.295562   3.297206     0.5432     0.5932     0.0106  0.1528657 0.0000e+00
       4753     24.444     8.2125     8.2175   3.296124   3.297888     0.5419     0.5932     0.0106  0.1523773 0.0000e+00
       4754     24.501     8.2155     8.2206   3.296802   3.298599     0.5419     0.5932     0.0106  0.1528657 0.0000e+00
       4755     24.567     8.2182     8.2237   3.297486   3.299265     0.5419     0.5932     0.0106  0.1523773 0.0000e+00
       4756     24.567     8.2209     8.2273   3.298104   3.299904     0.5444     0.5932     0.0106  0.1528657 0.0000e+00
       4757     24.567     8.2232     8.2301   3.298746   3.300642     0.5419     0.5920     0.0106  0.1528657 0.0000e+00
       4758     24.567     8.2261     8.2320   3.299400   3.301235     0.5407     0.5920     0.0106  0.1528657 0.0000e+00
       4759     24.625     8.2285     8.2342   3.299891   3.301668     0.5395     0.5920     0.0106  0.1528657 0.0000e+00
       4760     24.674     8.2308     8.2372   3.300583   3.302294     0.5395     0.5920     0.0106  0.1523773 0.0000e+00
       4761     24.683     8.2342     8.2400   3.301343   3.303093     0.5407     0.5920     0.0104  0.1470049 0.0000e+00
       4762     24.683     8.2376     8.2436   3.302132   3.303886     0.5407     0.5920     0.0102  0.1416325 0.0000e+00
       4763     24.683     8.2415     8.2475   3.303071   3.304843     0.5395     0.5908     0.0102  0.1406557 0.0000e+00
       4764     24.749     8.2464     8.2520   3.304181   3.305866     0.5383     0.5908     0.0102  0.1406557 0.0000e+00
       4765     24.749     8.2511     8.2571   3.305435   3.306885     0.5395     0.5908     0.0102  0.1411441 0.0000e+00
       4766     24.806     8.2543     8.2623   3.306360   3.307979     0.5395     0.5908     0.0102  0.1411441 0.0000e+00
       4767     24.806     8.2582     8.2674   3.307167   3.309095     0.5383     0.5908     0.0102  0.1411441 0.0000e+00
       4768     24.806     8.2621     8.2710   3.308042   3.310148     0.5370     0.5908     0.0102  0.1411441 0.0000e+00
       4769     24.872     8.2668     8.2755   3.309129   3.311136     0.5370     0.5896     0.0101  0.1411441 0.0000e+00
       4770     24.872     8.2718     8.2797   3.310118   3.312083     0.5370     0.5896     0.0102  0.1411441 0.0000e+00
       4771     24.872     8.2760     8.2841   3.311082   3.313014     0.5395     0.5896     0.0102  0.1411441 0.0000e+00
       4772     24.930     8.2798     8.2879   3.312096   3.313852     0.5370     0.5896     0.0102  0.1411441 0.0000e+00
       4773     24.996     8.2837     8.2905   3.313121   3.314656     0.5358     0.5896     0.0102  0.1411441 0.0000e+00
       4774     24.930     8.2884     8.2957   3.314028   3.315607     0.5358     0.5896     0.0102  0.1411441 0.0000e+00
       4775     24.996     8.2940     8.3022   3.314933   3.316664     0.5370     0.5896     0.0102  0.1411441 0.0000e+00
       4776     24.996     8.2999     8.3087   3.316064   3.317842     0.5358     0.5896     0.0102  0.1411441 0.0000e+00
       4777     25.054     8.3054     8.3143   3.317205   3.319108     0.5346     0.5883     0.0102  0.1411441 0.0000e+00
       4778     25.054     8.3111     8.3189   3.318450   3.320466     0.5346     0.5883     0.0102  0.1411441 0.0000e+00
       4779     25.111     8.3158     8.3226   3.319640   3.321525     0.5346     0.5883     0.0102  0.1411441 0.0000e+00
       4780     25.054     8.3192     8.3262   3.320646   3.322351     0.5346     0.5883     0.0102  0.1411441 0.0000e+00
       4781     25.177     8.3223     8.3291   3.321449   3.323098     0.5346     0.5883     0.0102  0.1411441 0.0000e+00
       4782     25.111     8.3255     8.3318   3.322287   3.323868     0.5346     0.5883     0.0102  0.1411441 0.0000e+00
       4783     25.177     8.3291     8.3342   3.323040   3.324568     0.5334     0.5883     0.0102  0.1411441 0.0000e+00
       4784     25.235     8.3317     8.3366   3.323800   3.325297     0.5322     0.5871     0.0102  0.1411441 0.0000e+00
       4785     25.235     8.3338     8.3390   3.324368   3.325929     0.5346     0.5871     0.0102  0.1411441 0.0000e+00
       4786     25.235     8.3361     8.3414   3.324966   3.326401     0.5346     0.5871     0.0102  0.1382137 0.0000e+00
       4787     25.235     8.3383     8.3433   3.325558   3.326933     0.5322     0.5871     0.0099  0.1250269 0.0000e+00
       4788     25.301     8.3410     8.3450   3.326048   3.327426     0.5309     0.5871     0.0099  0.1201429 0.0000e+00
       4789     25.301     8.3432     8.3476   3.326639   3.327944     0.5309     0.5871     0.0099  0.1201429 0.0000e+00
       4790     25.359     8.3451     8.3499   3.327079   3.328478     0.5346     0.5871     0.0099  0.1206313 0.0000e+00
       4791     25.359     8.3470     8.3520   3.327727   3.329028     0.5309     0.5871     0.0099  0.1211197 0.0000e+00
       4792     25.359     8.3496     8.3538   3.328222   3.329565     0.5309     0.5871     0.0097  0.1206313 0.0000e+00
       4793     25.416     8.3517     8.3556   3.328680   3.330052     0.5297     0.5859     0.0099  0.1211197 0.0000e+00
       4794     25.416     8.3537     8.3580   3.329305   3.330672     0.5309     0.5859     0.0099  0.1211197 0.0000e+00
       4795     25.482     8.3559     8.3600   3.329809   3.331182     0.5309     0.5859     0.0099  0.1206313 0.0000e+00
       4796     25.482     8.3582     8.3620   3.330233   3.331714     0.5297     0.5859     0.0099  0.1206313 0.0000e+00
       4797     25.482     8.3600     8.3636   3.330707   3.332137     0.5297     0.5859     0.0099  0.1206313 0.0000e+00
       4798     25.540     8.3621     8.3655   3.331182   3.332451     0.5297     0.5859     0.0099  0.1211197 0.0000e+00
       4799     25.482     8.3642     8.3675   3.331698   3.332898     0.5297     0.5859     0.0099  0.1211197 0.0000e+00
       4800     25.606     8.3664     8.3702   3.332283   3.333445     0.5297     0.5847     0.0099  0.1211197 0.0000e+00
       4801     25.606     8.3684     8.3722   3.332734   3.333937     0.5285     0.5847     0.0099  0.1206313 0.0000e+00
       4802     25.606     8.3702     8.3744   3.333074   3.334407     0.5273     0.5847     0.0099  0.1206313 0.0000e+00
       4803     25.606     8.3718     8.3756   3.333478   3.334856     0.5273     0.5847     0.0099  0.1206313 0.0000e+00
       4804     25.664     8.3731     8.3767   3.334007   3.335173     0.5285     0.5847     0.0099  0.1211197 0.0000e+00
       4805     25.664     8.3745     8.3775   3.334352   3.335460     0.5297     0.5835     0.0099  0.1211197 0.0000e+00
       4806     25.730     8.3754     8.3788   3.334690   3.335790     0.5273     0.5847     0.0099  0.1206313 0.0000e+00
       4807     25.730     8.3771     8.3796   3.334995   3.336095     0.5261     0.5847     0.0099  0.1206313 0.0000e+00
       4808     25.787     8.3780     8.3804   3.335188   3.336376     0.5261     0.5835     0.0099  0.1211197 0.0000e+00
       4809     25.730     8.3790     8.3814   3.335468   3.336567     0.5285     0.5847     0.0099  0.1206313 0.0000e+00
       4810     25.787     8.3800     8.3827   3.335736   3.336805     0.5273     0.5835     0.0099  0.1206313 0.0000e+00
       4811     25.845     8.3811     8.3837   3.335992   3.337127     0.5261     0.5835     0.0099  0.1206313 0.0000e+00
       4812     25.845     8.3826     8.3850   3.336273   3.337399     0.5248     0.5835     0.0097  0.1186777 0.0000e+00
       4813     25.845     8.3839     8.3862   3.336404   3.337659     0.5248     0.5835     0.0097  0.1167241 0.0000e+00
       4814     25.911     8.3847     8.3872   3.336607   3.337890     0.5273     0.5835     0.0097  0.1162357 0.0000e+00
       4815     25.911     8.3858     8.3878   3.336886   3.338273     0.5261     0.5835     0.0097  0.1167241 0.0000e+00
       4816     25.969     8.3865     8.3887   3.337280   3.338549     0.5248     0.5835     0.0097  0.1167241 0.0000e+00
       4817     25.911     8.3878     8.3899   3.337676   3.338752     0.5248     0.5835     0.0097  0.1167241 0.0000e+00
       4818     25.969     8.3886     8.3910   3.338030   3.339017     0.5248     0.5822     0.0097  0.1167241 0.0000e+00
       4819     26.034     8.3900     8.3923   3.338263   3.339345     0.5248     0.5835     0.0097  0.1167241 0.0000e+00
       4820     26.034     8.3912     8.3949   3.338549   3.339707     0.5248     0.5822     0.0097  0.1167241 0.0000e+00
       4821     26.034     8.3933     8.3981   3.339045   3.340282     0.5236     0.5822     0.0097  0.1167241 0.0000e+00
       4822     26.092     8.3973     8.4030   3.339543   3.341236     0.5224     0.5822     0.0097  0.1167241 0.0000e+00
       4823     26.092     8.4025     8.4084   3.340572   3.342430     0.5236     0.5822     0.0097  0.1167241 0.0000e+00
       4824     26.092     8.4076     8.4136   3.341801   3.343664     0.5248     0.5822     0.0097  0.1167241 0.0000e+00
       4825     26.158     8.4132     8.4197   3.343178   3.344879     0.5248     0.5822     0.0097  0.1167241 0.0000e+00
       4826     26.158     8.4191     8.4255   3.344574   3.346156     0.5224     0.5822     0.0097  0.1167241 0.0000e+00
       4827     26.158     8.4253     8.4307   3.345900   3.347379     0.5212     0.5822     0.0097  0.1167241 0.0000e+00
       4828     26.216     8.4296     8.4341   3.347058   3.348337     0.5236     0.5822     0.0097  0.1167241 0.0000e+00
       4829     26.216     8.4327     8.4357   3.348032   3.349072     0.5236     0.5810     0.0097  0.1167241 0.0000e+00
       4830     26.274     8.4345     8.4377   3.348625   3.349728     0.5212     0.5810     0.0097  0.1167241 0.0000e+00
       4831     26.274     8.4364     8.4388   3.349202   3.350221     0.5200     0.5810     0.0097  0.1167241 0.0000e+00
       4832     26.274     8.4376     8.4398   3.349792   3.350770     0.5200     0.5810     0.0097  0.1167241 0.0000e+00
       4833     26.340     8.4389     8.4413   3.350314   3.351150     0.5224     0.5810     0.0097  0.1167241 0.0000e+00
       4834     26.340     8.4405     8.4427   3.350635   3.351643     0.5212     0.5810     0.0097  0.1167241 0.0000e+00
       4835     26.340     8.4422     8.4447   3.350909   3.352230     0.5200     0.5810     0.0097  0.1167241 0.0000e+00
       4836     26.397     8.4436     8.4468   3.351420   3.352573     0.5200     0.5810     0.0097  0.1167241 0.0000e+00
       4837     26.463     8.4455     8.4491   3.351827   3.353075     0.5200     0.5810     0.0095  0.1162357 0.0000e+00
       4838     26.397     8.4482     8.4508   3.352158   3.353570     0.5212     0.5810     0.0092  0.1142821 0.0000e+00
       4839     26.463     8.4497     8.4525   3.352611   3.353973     0.5200     0.5798     0.0092  0.1133053 0.0000e+00
       4840     26.463     8.4518     8.4544   3.353019   3.354347     0.5187     0.5798     0.0092  0.1133053 0.0000e+00
       4841     26.463     8.4533     8.4559   3.353420   3.354744     0.5200     0.5798     0.0092  0.1133053 0.0000e+00
       4842     26.521     8.4553     8.4580   3.353845   3.355068     0.5200     0.5798     0.0092  0.1137937 0.0000e+00
       4843     26.579     8.4567     8.4590   3.354263   3.355411     0.5200     0.5798     0.0092  0.1133053 0.0000e+00
       4844     26.521     8.4575     8.4598   3.354505   3.355695     0.5187     0.5798     0.0092  0.1137937 0.0000e+00
       4845     26.579     8.4586     8.4606   3.354701   3.356083     0.5200     0.5798     0.0092  0.1133053 0.0000e+00
       4846     26.645     8.4593     8.4616   3.355099   3.356323     0.5175     0.5798     0.0092  0.1137937 0.0000e+00
       4847     26.579     8.4602     8.4622   3.355352   3.356412     0.5200     0.5798     0.0092  0.1137937 0.0000e+00
       4848     26.645     8.4612     8.4631   3.355594   3.356588     0.5187     0.5798     0.0092  0.1137937 0.0000e+00
       4849     26.702     8.4624     8.4642   3.355785   3.356857     0.5200     0.5798     0.0092  0.1137937 0.0000e+00
       4850     26.702     8.4635     8.4648   3.355870   3.357072     0.5175     0.5786     0.0092  0.1137937 0.0000e+00
       4851     26.702     8.4644     8.4660   3.356124   3.357278     0.5175     0.5786     0.0092  0.1137937 0.0000e+00
       4852     26.702     8.4654     8.4671   3.356320   3.357477     0.5187     0.5786     0.0092  0.1137937 0.0000e+00
