data/2021/ctd_data_day1/Station 4 210921_ctm_fil.cnv
* Sea-Bird SBE 9 Data File:
* FileName = C:\Users\CTD-User\Desktop\MAR440\Station 4 210921.hex
* Software Version Seasave V 7.26.2.13
* Temperature SN = 6313
* Conductivity SN = 4758
* Number of Bytes Per Scan = 30
* Number of Voltage Words = 4
* Number of Scans Averaged by the Deck Unit = 1
* NMEA baud rate = 4800
** Ship:
** Station:
** Operator:
# nquan = 11
# nvalues = 963                         
# units = specified
# name 0 = scan: Scan Count
# name 1 = prDM: Pressure, Digiquartz [db]
# name 2 = t090C: Temperature [ITS-90, deg C]
# name 3 = t190C: Temperature, 2 [ITS-90, deg C]
# name 4 = c0S/m: Conductivity [S/m]
# name 5 = c1S/m: Conductivity, 2 [S/m]
# name 6 = sbeox0V: Oxygen raw, SBE 43 [V]
# name 7 = sbeox1V: Oxygen raw, SBE 43, 2 [V]
# name 8 = flECO-AFL: Fluorescence, WET Labs ECO-AFL/FL [mg/m^3]
# name 9 = upoly0: Upoly 0, Turbidity
# name 10 = flag:  0.000e+00
# span 0 =          1,        963       
# span 1 =      0.567,     10.540       
# span 2 =    11.6500,    15.2378       
# span 3 =    11.6440,    15.0610       
# span 4 =  -0.000120,   2.791269       
# span 5 =   0.026556,   2.797579       
# span 6 =     2.2470,     3.1434       
# span 7 =     2.1801,     2.9063       
# span 8 =     0.0033,     0.0317       
# span 9 =  0.0811493,  0.2341219       
# span 10 = 0.0000e+00, 0.0000e+00      
# interval = seconds: 0.0416667
# start_time = Sep 21 2021 09:52:02 [System UTC, header]
# bad_flag = -9.990e-29
*END*
[from data line 132]
        133      0.641    12.9492    13.1505   0.856366   1.486648     2.9365     2.8602     0.0302  0.1394169 0.0000e+00
        134      0.648    13.0257    13.2238   0.925261   1.582784     2.9366     2.8602     0.0302  0.1418086 0.0000e+00
        135      0.656    13.1004    13.2920   0.999576   1.675791     2.9366     2.8603     0.0304  0.1441165 0.0000e+00
        136      0.664    13.1727    13.3552   1.079699   1.763938     2.9367     2.8603     0.0304  0.1463568 0.0000e+00
        137      0.672    13.2419    13.4137   1.165728   1.846255     2.9368     2.8604     0.0302  0.1485450 0.0000e+00
        138      0.681    13.3073    13.4678   1.256594   1.922458     2.9369     2.8605     0.0302  0.1506963 0.0000e+00
        139      0.690    13.3685    13.5177   1.349752   1.992698     2.9370     2.8605     0.0302  0.1528258 0.0000e+00
        140      0.700    13.4254    13.5637   1.443027   2.057347     2.9370     2.8606     0.0302  0.1549490 0.0000e+00
        141      0.710    13.4782    13.6062   1.535253   2.116823     2.9371     2.8607     0.0302  0.1570816 0.0000e+00
        142      0.720    13.5270    13.6454   1.624923   2.171542     2.9373     2.8608     0.0302  0.1592376 0.0000e+00
        143      0.730    13.5721    13.6815   1.710485   2.221888     2.9374     2.8609     0.0302  0.1614312 0.0000e+00
        144      0.741    13.6137    13.7148   1.791031   2.268212     2.9375     2.8610     0.0302  0.1636784 0.0000e+00
        145      0.752    13.6520    13.7454   1.866220   2.310841     2.9377     2.8612     0.0302  0.1659957 0.0000e+00
        146      0.763    13.6873    13.7737   1.936721   2.350071     2.9378     2.8613     0.0302  0.1683984 0.0000e+00
        147      0.774    13.7199    13.7997   2.003428   2.386165     2.9380     2.8614     0.0302  0.1709023 0.0000e+00
        148      0.785    13.7499    13.8237   2.066230   2.419394     2.9381     2.8616     0.0304  0.1735249 0.0000e+00
        149      0.797    13.7775    13.8458   2.124584   2.450020     2.9383     2.8618     0.0302  0.1762854 0.0000e+00
        150      0.808    13.8030    13.8661   2.178392   2.478260     2.9385     2.8620     0.0302  0.1792044 0.0000e+00
        151      0.820    13.8264    13.8848   2.227925   2.504307     2.9387     2.8622     0.0302  0.1823033 0.0000e+00
        152      0.832    13.8480    13.9020   2.273501   2.528322     2.9389     2.8624     0.0229  0.1855629 0.0000e+00
        153      0.843    13.8678    13.9179   2.315427   2.550432     2.9391     2.8626     0.0097  0.1888519 0.0000e+00
        154      0.855    13.8861    13.9324   2.353993   2.570772     2.9394     2.8629     0.0057  0.1919870 0.0000e+00
        155      0.868    13.9029    13.9459   2.389467   2.589477     2.9396     2.8632     0.0059  0.1948770 0.0000e+00
        156      0.880    13.9184    13.9582   2.422098   2.606680     2.9399     2.8635     0.0064  0.1975267 0.0000e+00
        157      0.893    13.9327    13.9696   2.452111   2.622501     2.9402     2.8639     0.0068  0.1999621 0.0000e+00
        158      0.905    13.9459    13.9801   2.479715   2.637050     2.9405     2.8642     0.0068  0.2022044 0.0000e+00
        159      0.918    13.9580    13.9898   2.505104   2.650428     2.9409     2.8646     0.0068  0.2042702 0.0000e+00
        160      0.931    13.9692    13.9987   2.528455   2.662729     2.9412     2.8650     0.0066  0.2061737 0.0000e+00
        161      0.944    13.9795    14.0069   2.549931   2.674038     2.9416     2.8655     0.0066  0.2079283 0.0000e+00
        162      0.957    13.9890    14.0144   2.569684   2.684435     2.9421     2.8659     0.0066  0.2095460 0.0000e+00
        163      0.970    13.9978    14.0214   2.587850   2.693993     2.9425     2.8664     0.0066  0.2110382 0.0000e+00
        164      0.983    14.0059    14.0278   2.604558   2.702778     2.9430     2.8669     0.0066  0.2124153 0.0000e+00
        165      0.996    14.0134    14.0336   2.619924   2.710851     2.9435     2.8675     0.0066  0.2136868 0.0000e+00
        166      1.009    14.0202    14.0390   2.634055   2.718271     2.9441     2.8681     0.0066  0.2148616 0.0000e+00
        167      1.022    14.0266    14.0440   2.647050   2.725088     2.9446     2.8687     0.0066  0.2159478 0.0000e+00
        168      1.035    14.0324    14.0486   2.658998   2.731350     2.9453     2.8694     0.0066  0.2169531 0.0000e+00
        169      1.048    14.0378    14.0528   2.669983   2.737103     2.9459     2.8700     0.0066  0.2178843 0.0000e+00
        170      1.061    14.0428    14.0567   2.680082   2.742386     2.9466     2.8708     0.0066  0.2187480 0.0000e+00
        171      1.075    14.0474    14.0602   2.689367   2.747236     2.9473     2.8715     0.0066  0.2195502 0.0000e+00
        172      1.088    14.0516    14.0635   2.697901   2.751690     2.9480     2.8723     0.0066  0.2202964 0.0000e+00
        173      1.101    14.0555    14.0665   2.705747   2.755778     2.9488     2.8731     0.0066  0.2209919 0.0000e+00
        174      1.113    14.0591    14.0693   2.712958   2.759529     2.9497     2.8739     0.0068  0.2216415 0.0000e+00
        175      1.126    14.0624    14.0719   2.719585   2.762970     2.9505     2.8748     0.0064  0.2222497 0.0000e+00
        176      1.139    14.0654    14.0742   2.725675   2.766127     2.9514     2.8757     0.0068  0.2228208 0.0000e+00
        177      1.151    14.0682    14.0764   2.731270   2.769022     2.9523     2.8766     0.0066  0.2233587 0.0000e+00
        178      1.164    14.0708    14.0784   2.736411   2.771676     2.9533     2.8776     0.0064  0.2238645 0.0000e+00
        179      1.176    14.0732    14.0802   2.741133   2.774109     2.9543     2.8786     0.0064  0.2243352 0.0000e+00
        180      1.188    14.0753    14.0819   2.745472   2.776337     2.9554     2.8796     0.0064  0.2247678 0.0000e+00
        181      1.201    14.0773    14.0835   2.749456   2.778379     2.9565     2.8806     0.0064  0.2251639 0.0000e+00
        182      1.213    14.0791    14.0849   2.753115   2.780247     2.9576     2.8816     0.0064  0.2255261 0.0000e+00
        183      1.225    14.0808    14.0862   2.756474   2.781957     2.9588     2.8827     0.0064  0.2258569 0.0000e+00
        184      1.237    14.0824    14.0875   2.759557   2.783520     2.9600     2.8838     0.0064  0.2261586 0.0000e+00
        185      1.249    14.0839    14.0886   2.762388   2.784949     2.9612     2.8848     0.0064  0.2264335 0.0000e+00
        186      1.261    14.0852    14.0897   2.764985   2.786254     2.9625     2.8860     0.0064  0.2266832 0.0000e+00
        187      1.273    14.0865    14.0907   2.767368   2.787445     2.9638     2.8871     0.0064  0.2269097 0.0000e+00
        188      1.285    14.0877    14.0916   2.769553   2.788532     2.9652     2.8882     0.0064  0.2271145 0.0000e+00
        189      1.297    14.0888    14.0925   2.771557   2.789522     2.9665     2.8893     0.0064  0.2272989 0.0000e+00
        190      1.309    14.0898    14.0933   2.773394   2.790423     2.9680     2.8905     0.0064  0.2274643 0.0000e+00
        191      1.321    14.0908    14.0940   2.775079   2.791242     2.9694     2.8916     0.0064  0.2276119 0.0000e+00
        192      1.333    14.0917    14.0947   2.776623   2.791985     2.9709     2.8928     0.0064  0.2277426 0.0000e+00
        193      1.345    14.0926    14.0954   2.778039   2.792659     2.9724     2.8939     0.0064  0.2278574 0.0000e+00
        194      1.357    14.0934    14.0960   2.779334   2.793270     2.9740     2.8950     0.0064  0.2279570 0.0000e+00
        195      1.369    14.0941    14.0965   2.780520   2.793821     2.9755     2.8961     0.0064  0.2280422 0.0000e+00
        196      1.381    14.0948    14.0971   2.781604   2.794319     2.9772     2.8972     0.0064  0.2281136 0.0000e+00
        197      1.392    14.0955    14.0976   2.782595   2.794768     2.9788     2.8983     0.0064  0.2281716 0.0000e+00
        198      1.404    14.0961    14.0980   2.783501   2.795170     2.9805     2.8993     0.0064  0.2282166 0.0000e+00
        199      1.416    14.0967    14.0984   2.784327   2.795531     2.9822     2.9003     0.0064  0.2282490 0.0000e+00
        200      1.427    14.0973    14.0988   2.785081   2.795853     2.9839     2.9012     0.0064  0.2282691 0.0000e+00
        201      1.439    14.0978    14.0992   2.785768   2.796140     2.9857     2.9021     0.0064  0.2282768 0.0000e+00
        202      1.450    14.0983    14.0995   2.786393   2.796393     2.9875     2.9029     0.0064  0.2282723 0.0000e+00
        203      1.461    14.0987    14.0998   2.786961   2.796616     2.9893     2.9037     0.0064  0.2282573 0.0000e+00
        204      1.472    14.0992    14.1001   2.787477   2.796812     2.9911     2.9043     0.0064  0.2282367 0.0000e+00
        205      1.483    14.0996    14.1004   2.787945   2.796981     2.9930     2.9049     0.0064  0.2282163 0.0000e+00
        206      1.494    14.1000    14.1006   2.788367   2.797125     2.9949     2.9054     0.0064  0.2281995 0.0000e+00
        207      1.504    14.1004    14.1008   2.788748   2.797247     2.9968     2.9058     0.0064  0.2281869 0.0000e+00
        208      1.515    14.1007    14.1010   2.789090   2.797347     2.9987     2.9061     0.0064  0.2281784 0.0000e+00
        209      1.525    14.1010    14.1012   2.789398   2.797428     3.0007     2.9063     0.0064  0.2281740 0.0000e+00
        210      1.535    14.1013    14.1014   2.789673   2.797491     3.0026     2.9063     0.0064  0.2281737 0.0000e+00
        211      1.544    14.1016    14.1015   2.789919   2.797536     3.0046     2.9063     0.0064  0.2281775 0.0000e+00
        212      1.553    14.1018    14.1016   2.790138   2.797566     3.0066     2.9060     0.0064  0.2281853 0.0000e+00
        213      1.562    14.1021    14.1017   2.790331   2.797579     3.0086     2.9057     0.0064  0.2281972 0.0000e+00
        214      1.571    14.1023    14.1018   2.790503   2.797578     3.0107     2.9052     0.0064  0.2282134 0.0000e+00
        215      1.580    14.1025    14.1019   2.790653   2.797564     3.0127     2.9045     0.0064  0.2282339 0.0000e+00
        216      1.588    14.1027    14.1019   2.790782   2.797537     3.0148     2.9037     0.0064  0.2282588 0.0000e+00
        217      1.595    14.1029    14.1019   2.790893   2.797497     3.0169     2.9027     0.0064  0.2282884 0.0000e+00
        218      1.603    14.1031    14.1019   2.790987   2.797445     3.0190     2.9015     0.0064  0.2283229 0.0000e+00
        219      1.610    14.1032    14.1019   2.791065   2.797380     3.0211     2.9002     0.0064  0.2283624 0.0000e+00
        220      1.617    14.1034    14.1018   2.791129   2.797303     3.0232     2.8987     0.0064  0.2284074 0.0000e+00
        221      1.624    14.1036    14.1018   2.791179   2.797215     3.0254     2.8971     0.0064  0.2284580 0.0000e+00
        222      1.630    14.1037    14.1017   2.791217   2.797116     3.0275     2.8952     0.0064  0.2285146 0.0000e+00
        223      1.636    14.1039    14.1015   2.791245   2.797006     3.0297     2.8933     0.0064  0.2285776 0.0000e+00
        224      1.641    14.1041    14.1014   2.791262   2.796885     3.0319     2.8911     0.0064  0.2286476 0.0000e+00
        225      1.647    14.1042    14.1012   2.791269   2.796753     3.0341     2.8888     0.0064  0.2287248 0.0000e+00
        226      1.652    14.1043    14.1009   2.791268   2.796612     3.0362     2.8863     0.0064  0.2288100 0.0000e+00
        227      1.656    14.1044    14.1007   2.791259   2.796465     3.0384     2.8837     0.0064  0.2289036 0.0000e+00
        228      1.661    14.1045    14.1004   2.791244   2.796314     3.0407     2.8809     0.0064  0.2290064 0.0000e+00
        229      1.665    14.1045    14.1000   2.791223   2.796161     3.0429     2.8780     0.0064  0.2291164 0.0000e+00
        230      1.669    14.1045    14.0997   2.791198   2.796009     3.0451     2.8750     0.0066  0.2292269 0.0000e+00
        231      1.672    14.1045    14.0992   2.791169   2.795858     3.0473     2.8718     0.0066  0.2293310 0.0000e+00
        232      1.676    14.1044    14.0988   2.791136   2.795708     3.0495     2.8685     0.0066  0.2294267 0.0000e+00
        233      1.678    14.1042    14.0983   2.791101   2.795559     3.0518     2.8651     0.0068  0.2295148 0.0000e+00
        234      1.680    14.1040    14.0977   2.791064   2.795409     3.0540     2.8616     0.0066  0.2295959 0.0000e+00
        235      1.682    14.1038    14.0971   2.791023   2.795259     3.0562     2.8579     0.0066  0.2296706 0.0000e+00
        236      1.684    14.1035    14.0965   2.790979   2.795109     3.0584     2.8542     0.0066  0.2297394 0.0000e+00
        237      1.686    14.1031    14.0958   2.790933   2.794960     3.0607     2.8504     0.0064  0.2298027 0.0000e+00
        238      1.688    14.1027    14.0950   2.790883   2.794811     3.0629     2.8464     0.0068  0.2298611 0.0000e+00
        239      1.690    14.1022    14.0942   2.790831   2.794663     3.0651     2.8424     0.0064  0.2299148 0.0000e+00
        240      1.692    14.1018    14.0933   2.790777   2.794517     3.0673     2.8384     0.0068  0.2299652 0.0000e+00
        241      1.693    14.1013    14.0923   2.790722   2.794372     3.0695     2.8342     0.0066  0.2300134 0.0000e+00
        242      1.694    14.1007    14.0912   2.790665   2.794230     3.0717     2.8300     0.0066  0.2300589 0.0000e+00
        243      1.695    14.1002    14.0901   2.790607   2.794089     3.0739     2.8258     0.0066  0.2301012 0.0000e+00
        244      1.696    14.0996    14.0889   2.790547   2.793949     3.0761     2.8214     0.0066  0.2301405 0.0000e+00
        245      1.697    14.0990    14.0876   2.790487   2.793812     3.0782     2.8171     0.0066  0.2301773 0.0000e+00
        246      1.697    14.0984    14.0863   2.790427   2.793676     3.0804     2.8127     0.0066  0.2302116 0.0000e+00
        247      1.698    14.0979    14.0849   2.790366   2.793544     3.0825     2.8082     0.0068  0.2302438 0.0000e+00
        248      1.699    14.0973    14.0834   2.790304   2.793414     3.0846     2.8038     0.0066  0.2302740 0.0000e+00
        249      1.699    14.0968    14.0819   2.790244   2.793288     3.0867     2.7993     0.0066  0.2303025 0.0000e+00
        250      1.699    14.0963    14.0803   2.790184   2.793165     3.0887     2.7948     0.0066  0.2303295 0.0000e+00
        251      1.699    14.0959    14.0787   2.790125   2.793046     3.0908     2.7902     0.0066  0.2303552 0.0000e+00
        252      1.700    14.0955    14.0770   2.790068   2.792931     3.0928     2.7857     0.0066  0.2303797 0.0000e+00
        253      1.699    14.0951    14.0753   2.790011   2.792819     3.0948     2.7812     0.0066  0.2304032 0.0000e+00
        254      1.699    14.0948    14.0735   2.789956   2.792709     3.0968     2.7766     0.0064  0.2304259 0.0000e+00
        255      1.699    14.0945    14.0717   2.789902   2.792602     3.0987     2.7721     0.0060  0.2304471 0.0000e+00
        256      1.699    14.0942    14.0699   2.789849   2.792497     3.1007     2.7675     0.0060  0.2304643 0.0000e+00
        257      1.699    14.0939    14.0681   2.789798   2.792393     3.1026     2.7630     0.0060  0.2304753 0.0000e+00
        258      1.698    14.0937    14.0662   2.789749   2.792290     3.1044     2.7585     0.0060  0.2304791 0.0000e+00
        259      1.698    14.0935    14.0643   2.789701   2.792187     3.1063     2.7540     0.0060  0.2304758 0.0000e+00
        260      1.697    14.0933    14.0624   2.789656   2.792085     3.1081     2.7495     0.0060  0.2304654 0.0000e+00
        261      1.696    14.0931    14.0604   2.789612   2.791983     3.1098     2.7450     0.0060  0.2304478 0.0000e+00
        262      1.695    14.0930    14.0584   2.789569   2.791883     3.1116     2.7406     0.0060  0.2304229 0.0000e+00
