data/2021/ctd_data_day1/Station 1 210921.cnv
* Sea-Bird SBE 9 Data File:
* FileName = C:\Users\CTD-User\Desktop\MAR440\Station 1 210921.hex
* Software Version Seasave V 7.26.2.13
* Temperature SN = 6313
* Conductivity SN = 4758
* Number of Bytes Per Scan = 30
* Number of Voltage Words = 4
* Number of Scans Averaged by the Deck Unit = 1
* NMEA baud rate = 4800
** Ship:
** Station:
** Operator:
# nquan = 11
# nvalues = 5940                                  
# units = specified
# name 0 = scan: Scan Count
# name 1 = prDM: Pressure, Digiquartz [db]
# name 2 = t090C: Temperature [ITS-90, deg C]
# name 3 = t190C: Temperature, 2 [ITS-90, deg C]
# name 4 = c0S/m: Conductivity [S/m]
# name 5 = c1S/m: Conductivity, 2 [S/m]
# name 6 = sbeox0V: Oxygen raw, SBE 43 [V]
# name 7 = sbeox1V: Oxygen raw, SBE 43, 2 [V]
# name 8 = flECO-AFL: Fluorescence, WET Labs ECO-AFL/FL [mg/m^3]
# name 9 = upoly0: Upoly 0, Turbidity
# name 10 = flag:  0.000e+00
# span 0 =          1,       5940                 
# span 1 =      0.327,     13.973                 
# span 2 =    11.9529,    16.0393                 
# span 3 =    11.9540,    16.0416                 
# span 4 =   2.808631,   3.425009                 
# span 5 =   2.808411,   3.418136                 
# span 6 =     0.9938,     2.8596                 
# span 7 =     1.0231,     2.7656                 
# span 8 =     0.0040,     0.0086                 
# span 9 =  0.0918156,  0.2139158                 
# span 10 = 0.0000e+00, 0.0000e+00                
# interval = seconds: 0.0416667
# start_time = Sep 21 2021 08:43:04 [System UTC, header]
# bad_flag = -9.990e-29
*END*
[from data line 787]
        788      7.088    16.0389    16.0414   3.194361   3.194494     2.7082     2.5995     0.0062  0.1123284  0.000e+00
        789      7.145    16.0388    16.0416   3.194685   3.195067     2.7057     2.5983     0.0062  0.1123284  0.000e+00
        790      7.129    16.0384    16.0411   3.194872   3.195639     2.7021     2.5958     0.0060  0.1123284  0.000e+00
        791      7.145    16.0379    16.0407   3.195054   3.196094     2.6996     2.5934     0.0062  0.1123284  0.000e+00
        792      7.129    16.0372    16.0408   3.195315   3.196325     2.6972     2.5922     0.0062  0.1123284  0.000e+00
        793      7.211    16.0364    16.0401   3.195611   3.196454     2.6935     2.5897     0.0062  0.1123284  0.000e+00
        794      7.211    16.0345    16.0389   3.195725   3.196532     2.6899     2.5873     0.0062  0.1123284  0.000e+00
        795      7.244    16.0318    16.0382   3.195628   3.196589     2.6886     2.5849     0.0062  0.1123284  0.000e+00
        796      7.211    16.0289    16.0375   3.195702   3.196735     2.6850     2.5836     0.0062  0.1118400  0.000e+00
        797      7.269    16.0258    16.0358   3.195742   3.196830     2.6838     2.5812     0.0062  0.1123284  0.000e+00
        798      7.310    16.0213    16.0313   3.195742   3.196993     2.6777     2.5787     0.0059  0.1123284  0.000e+00
        799      7.335    16.0168    16.0246   3.195804   3.196976     2.6740     2.5775     0.0053  0.1123284  0.000e+00
        800      7.335    16.0139    16.0179   3.195958   3.196931     2.6715     2.5751     0.0051  0.1123284  0.000e+00
        801      7.368    16.0127    16.0131   3.196157   3.196881     2.6691     2.5726     0.0051  0.1123284  0.000e+00
        802      7.392    16.0122    16.0113   3.196708   3.197021     2.6667     2.5702     0.0051  0.1123284  0.000e+00
        803      7.434    16.0114    16.0111   3.197645   3.197426     2.6618     2.5690     0.0051  0.1118400  0.000e+00
        804      7.392    16.0091    16.0116   3.198731   3.198044     2.6593     2.5653     0.0051  0.1123284  0.000e+00
        805      7.458    16.0061    16.0110   3.199953   3.198819     2.6545     2.5629     0.0051  0.1123284  0.000e+00
        806      7.434    16.0030    16.0087   3.201055   3.199813     2.6545     2.5604     0.0051  0.1123284  0.000e+00
        807      7.516    15.9989    16.0055   3.201755   3.201016     2.6496     2.5580     0.0051  0.1123284  0.000e+00
        808      7.516    15.9929    16.0007   3.202227   3.202112     2.6447     2.5555     0.0051  0.1123284  0.000e+00
        809      7.549    15.9833    15.9951   3.202357   3.202994     2.6422     2.5519     0.0051  0.1123284  0.000e+00
        810      7.574    15.9685    15.9871   3.202125   3.203202     2.6398     2.5482     0.0051  0.1123284  0.000e+00
        811      7.574    15.9563    15.9749   3.201670   3.203169     2.6374     2.5458     0.0051  0.1123284  0.000e+00
        812      7.549    15.9505    15.9605   3.201374   3.202815     2.6325     2.5421     0.0051  0.1123284  0.000e+00
        813      7.640    15.9541    15.9529   3.201732   3.202461     2.6300     2.5385     0.0051  0.1123284  0.000e+00
        814      7.673    15.9653    15.9557   3.202904   3.202747     2.6251     2.5336     0.0051  0.1123284  0.000e+00
        815      7.640    15.9755    15.9661   3.204672   3.203928     2.6227     2.5299     0.0051  0.1123284  0.000e+00
        816      7.697    15.9829    15.9776   3.206532   3.205603     2.6190     2.5262     0.0051  0.1123284  0.000e+00
        817      7.673    15.9877    15.9854   3.207891   3.207554     2.6154     2.5214     0.0051  0.1123284  0.000e+00
        818      7.763    15.9911    15.9907   3.209291   3.209112     2.6105     2.5177     0.0051  0.1123284  0.000e+00
        819      7.763    15.9927    15.9938   3.210469   3.210530     2.6056     2.5140     0.0051  0.1123284  0.000e+00
        820      7.796    15.9951    15.9962   3.211414   3.211559     2.6032     2.5091     0.0051  0.1123284  0.000e+00
        821      7.763    15.9971    15.9984   3.212239   3.212499     2.5995     2.5043     0.0051  0.1123284  0.000e+00
        822      7.821    15.9974    15.9999   3.213121   3.213450     2.5946     2.5006     0.0051  0.1123284  0.000e+00
        823      7.862    15.9965    15.9999   3.213679   3.214210     2.5910     2.4945     0.0051  0.1123284  0.000e+00
        824      7.821    15.9941    15.9988   3.213913   3.214998     2.5848     2.4908     0.0057  0.1118400  0.000e+00
        825      7.945    15.9904    15.9965   3.214425   3.215555     2.5824     2.4859     0.0059  0.1118400  0.000e+00
        826      7.862    15.9847    15.9918   3.214533   3.215780     2.5775     2.4811     0.0059  0.1118400  0.000e+00
        827      7.945    15.9785    15.9868   3.214488   3.215887     2.5726     2.4762     0.0059  0.1118400  0.000e+00
        828      7.920    15.9731    15.9807   3.214488   3.215882     2.5678     2.4725     0.0059  0.1118400  0.000e+00
        829      8.002    15.9674    15.9749   3.214408   3.215673     2.5641     2.4676     0.0059  0.1118400  0.000e+00
        830      8.002    15.9629    15.9699   3.214516   3.215679     2.5616     2.4627     0.0059  0.1118400  0.000e+00
        831      7.978    15.9595    15.9644   3.214733   3.215831     2.5555     2.4579     0.0059  0.1118400  0.000e+00
        832      8.068    15.9566    15.9609   3.214927   3.215961     2.5507     2.4530     0.0059  0.1118400  0.000e+00
        833      8.002    15.9539    15.9577   3.215029   3.216034     2.5470     2.4493     0.0059  0.1118400  0.000e+00
        834      8.101    15.9512    15.9543   3.215274   3.216338     2.5421     2.4444     0.0059  0.1118400  0.000e+00
        835      8.068    15.9491    15.9519   3.215485   3.216625     2.5397     2.4395     0.0059  0.1118400  0.000e+00
        836      8.126    15.9476    15.9504   3.215895   3.216738     2.5336     2.4347     0.0059  0.1118400  0.000e+00
        837      8.167    15.9476    15.9492   3.216305   3.217109     2.5287     2.4310     0.0059  0.1118400  0.000e+00
        838      8.192    15.9488    15.9492   3.216709   3.217706     2.5250     2.4261     0.0059  0.1118400  0.000e+00
        839      8.192    15.9512    15.9511   3.217523   3.218258     2.5214     2.4225     0.0059  0.1118400  0.000e+00
        840      8.167    15.9551    15.9550   3.218304   3.218872     2.5177     2.4176     0.0059  0.1118400  0.000e+00
        841      8.250    15.9589    15.9589   3.219124   3.219716     2.5128     2.4139     0.0059  0.1118400  0.000e+00
        842      8.250    15.9638    15.9628   3.220058   3.220623     2.5079     2.4102     0.0059  0.1118400  0.000e+00
        843      8.283    15.9675    15.9668   3.220902   3.221598     2.5043     2.4054     0.0059  0.1118400  0.000e+00
        844      8.250    15.9702    15.9704   3.221642   3.222505     2.5030     2.4017     0.0059  0.1118400  0.000e+00
        845      8.373    15.9722    15.9728   3.222343   3.223423     2.4982     2.3968     0.0059  0.1118400  0.000e+00
        846      8.283    15.9738    15.9750   3.222965   3.224167     2.4933     2.3944     0.0059  0.1118400  0.000e+00
        847      8.373    15.9751    15.9762   3.223819   3.224933     2.4884     2.3895     0.0059  0.1118400  0.000e+00
        848      8.373    15.9755    15.9771   3.224555   3.225570     2.4835     2.3858     0.0059  0.1118400  0.000e+00
        849      8.406    15.9755    15.9774   3.225210   3.226179     2.4823     2.3822     0.0059  0.1108632  0.000e+00
        850      8.431    15.9748    15.9769   3.225769   3.226770     2.4786     2.3785     0.0059  0.1089096  0.000e+00
        851      8.472    15.9722    15.9756   3.226185   3.227154     2.4737     2.3748     0.0059  0.1084212  0.000e+00
        852      8.431    15.9677    15.9724   3.226391   3.227436     2.4688     2.3712     0.0059  0.1084212  0.000e+00
        853      8.497    15.9604    15.9674   3.226168   3.227571     2.4664     2.3675     0.0059  0.1089096  0.000e+00
        854      8.472    15.9494    15.9582   3.225809   3.227368     2.4640     2.3651     0.0059  0.1089096  0.000e+00
        855      8.554    15.9350    15.9473   3.225325   3.227030     2.4591     2.3602     0.0059  0.1084212  0.000e+00
        856      8.554    15.9229    15.9344   3.224601   3.226371     2.4542     2.3577     0.0059  0.1089096  0.000e+00
        857      8.596    15.9102    15.9203   3.223609   3.225610     2.4505     2.3541     0.0059  0.1089096  0.000e+00
        858      8.554    15.8982    15.9053   3.222749   3.224669     2.4493     2.3504     0.0059  0.1089096  0.000e+00
        859      8.678    15.8882    15.8945   3.221883   3.223717     2.4456     2.3467     0.0059  0.1089096  0.000e+00
        860      8.596    15.8780    15.8845   3.221233   3.222782     2.4408     2.3443     0.0059  0.1089096  0.000e+00
        861      8.678    15.8704    15.8765   3.220726   3.222021     2.4371     2.3406     0.0059  0.1089096  0.000e+00
        862      8.678    15.8633    15.8679   3.220287   3.221644     2.4334     2.3370     0.0059  0.1089096  0.000e+00
        863      8.711    15.8533    15.8595   3.219837   3.221205     2.4310     2.3333     0.0059  0.1089096  0.000e+00
        864      8.736    15.8416    15.8498   3.219564   3.220906     2.4298     2.3309     0.0059  0.1084212  0.000e+00
        865      8.736    15.8312    15.8403   3.219097   3.220563     2.4249     2.3272     0.0059  0.1089096  0.000e+00
        866      8.777    15.8228    15.8304   3.218892   3.220180     2.4200     2.3248     0.0059  0.1089096  0.000e+00
        867      8.802    15.8143    15.8209   3.218493   3.219712     2.4151     2.3211     0.0059  0.1089096  0.000e+00
        868      8.736    15.8039    15.8098   3.218175   3.219324     2.4151     2.3174     0.0059  0.1089096  0.000e+00
        869      8.901    15.7940    15.7998   3.218015   3.219076     2.4115     2.3138     0.0059  0.1089096  0.000e+00
        870      8.802    15.7849    15.7911   3.218277   3.218924     2.4078     2.3113     0.0059  0.1089096  0.000e+00
        871      8.925    15.7754    15.7834   3.218876   3.218998     2.4029     2.3077     0.0059  0.1089096  0.000e+00
        872      8.835    15.7660    15.7749   3.219622   3.219426     2.4005     2.3052     0.0059  0.1089096  0.000e+00
        873      8.983    15.7587    15.7665   3.220403   3.220242     2.3980     2.3016     0.0059  0.1089096  0.000e+00
        874      8.925    15.7519    15.7586   3.221269   3.221127     2.3944     2.2979     0.0059  0.1089096  0.000e+00
        875      8.901    15.7461    15.7521   3.222357   3.222028     2.3895     2.2955     0.0059  0.1118400  0.000e+00
        876      9.041    15.7420    15.7470   3.223702   3.223048     2.3870     2.2918     0.0059  0.1137937  0.000e+00
        877      8.983    15.7369    15.7423   3.225196   3.224372     2.3834     2.2894     0.0059  0.1137937  0.000e+00
        878      9.024    15.7319    15.7381   3.226661   3.225866     2.3822     2.2869     0.0059  0.1137937  0.000e+00
        879      9.041    15.7259    15.7326   3.228144   3.227500     2.3773     2.2833     0.0059  0.1137937  0.000e+00
        880      9.041    15.7204    15.7263   3.229901   3.229045     2.3748     2.2808     0.0059  0.1137937  0.000e+00
        881      9.082    15.7163    15.7209   3.232000   3.230562     2.3712     2.2771     0.0059  0.1137937  0.000e+00
        882      9.107    15.7122    15.7162   3.233980   3.232299     2.3687     2.2747     0.0059  0.1137937  0.000e+00
        883      9.164    15.7076    15.7109   3.235584   3.234398     2.3663     2.2723     0.0059  0.1133053  0.000e+00
        884      9.140    15.7047    15.7058   3.237023   3.236361     2.3614     2.2686     0.0059  0.1137937  0.000e+00
        885      9.107    15.7025    15.7022   3.238239   3.237879     2.3577     2.2662     0.0059  0.1137937  0.000e+00
        886      9.230    15.7004    15.6998   3.239609   3.239167     2.3565     2.2625     0.0059  0.1137937  0.000e+00
        887      9.205    15.6975    15.6988   3.241163   3.240318     2.3528     2.2601     0.0059  0.1137937  0.000e+00
        888      9.230    15.6926    15.6979   3.242163   3.241510     2.3516     2.2564     0.0059  0.1137937  0.000e+00
        889      9.230    15.6845    15.6953   3.242894   3.242786     2.3467     2.2539     0.0059  0.1137937  0.000e+00
        890      9.263    15.6762    15.6893   3.243140   3.243836     2.3419     2.2515     0.0059  0.1137937  0.000e+00
        891      9.288    15.6677    15.6825   3.243288   3.244435     2.3382     2.2478     0.0059  0.1137937  0.000e+00
        892      9.288    15.6585    15.6751   3.243220   3.244639     2.3370     2.2454     0.0059  0.1137937  0.000e+00
        893      9.329    15.6524    15.6649   3.243100   3.244582     2.3345     2.2430     0.0059  0.1137937  0.000e+00
        894      9.346    15.6553    15.6565   3.243443   3.244418     2.3296     2.2405     0.0059  0.1137937  0.000e+00
        895      9.346    15.6652    15.6540   3.244722   3.244554     2.3272     2.2369     0.0059  0.1137937  0.000e+00
        896      9.387    15.6796    15.6575   3.246768   3.245249     2.3235     2.2344     0.0059  0.1133053  0.000e+00
        897      9.412    15.6929    15.6707   3.249323   3.246848     2.3223     2.2320     0.0059  0.1137937  0.000e+00
        898      9.412    15.6933    15.6865   3.251633   3.249526     2.3187     2.2283     0.0059  0.1137937  0.000e+00
        899      9.387    15.6777    15.6913   3.252669   3.252341     2.3150     2.2259     0.0059  0.1137937  0.000e+00
        900      9.469    15.6534    15.6843   3.253230   3.254162     2.3126     2.2234     0.0057  0.1118400  0.000e+00
        901      9.411    15.6364    15.6718   3.253470   3.254801     2.3089     2.2198     0.0055  0.1079328  0.000e+00
        902      9.444    15.6194    15.6593   3.253779   3.254863     2.3077     2.2185     0.0055  0.1069560  0.000e+00
        903      9.535    15.6091    15.6487   3.254111   3.254852     2.3040     2.2149     0.0055  0.1069560  0.000e+00
        904      9.469    15.6008    15.6384   3.254929   3.255033     2.2991     2.2124     0.0055  0.1074444  0.000e+00
        905      9.535    15.5915    15.6260   3.255541   3.255469     2.2967     2.2100     0.0055  0.1074444  0.000e+00
        906      9.510    15.5852    15.6120   3.255919   3.256148     2.2942     2.2075     0.0055  0.1074444  0.000e+00
        907      9.535    15.5821    15.6039   3.255925   3.256600     2.2930     2.2051     0.0055  0.1079328  0.000e+00
        908      9.535    15.5850    15.6065   3.255662   3.256691     2.2894     2.2027     0.0055  0.1079328  0.000e+00
        909      9.510    15.6077    15.6133   3.254866   3.256572     2.2857     2.2002     0.0055  0.1079328  0.000e+00
        910      9.535    15.6380    15.6138   3.253007   3.256340     2.2820     2.1978     0.0055  0.1074444  0.000e+00
        911      9.535    15.6804    15.6191   3.249261   3.255916     2.2832     2.1953     0.0055  0.1079328  0.000e+00
        912      9.568    15.7276    15.6371   3.243831   3.254445     2.2796     2.1929     0.0055  0.1079328  0.000e+00
        913      9.535    15.7518    15.6652   3.238084   3.251318     2.2759     2.1917     0.0055  0.1069560  0.000e+00
        914      9.593    15.7578    15.6964   3.234362   3.247056     2.2723     2.1892     0.0055  0.1074444  0.000e+00
        915      9.510    15.7565    15.7200   3.233050   3.242656     2.2698     2.1868     0.0055  0.1069560  0.000e+00
        916      9.593    15.7531    15.7350   3.233290   3.239488     2.2686     2.1843     0.0055  0.1074444  0.000e+00
        917      9.593    15.7517    15.7382   3.233113   3.237936     2.2686     2.1819     0.0055  0.1079328  0.000e+00
        918      9.568    15.7504    15.7324   3.231270   3.237823     2.2637     2.1807     0.0055  0.1079328  0.000e+00
