data/2021/ctd_data_day1/Station 1 210921_ctm_fil.cnv
* Sea-Bird SBE 9 Data File:
* FileName = C:\Users\CTD-User\Desktop\MAR440\Station 1 210921.hex
* Software Version Seasave V 7.26.2.13
* Temperature SN = 6313
* Conductivity SN = 4758
* Number of Bytes Per Scan = 30
* Number of Voltage Words = 4
* Number of Scans Averaged by the Deck Unit = 1
* NMEA baud rate = 4800
** Ship:
** Station:
** Operator:
# nquan = 11
# nvalues = 5940                        
# units = specified
# name 0 = scan: Scan Count
# name 1 = prDM: Pressure, Digiquartz [db]
# name 2 = t090C: Temperature [ITS-90, deg C]
# name 3 = t190C: Temperature, 2 [ITS-90, deg C]
# name 4 = c0S/m: Conductivity [S/m]
# name 5 = c1S/m: Conductivity, 2 [S/m]
# name 6 = sbeox0V: Oxygen raw, SBE 43 [V]
# name 7 = sbeox1V: Oxygen raw, SBE 43, 2 [V]
# name 8 = flECO-AFL: Fluorescence, WET Labs ECO-AFL/FL [mg/m^3]
# name 9 = upoly0: Upoly 0, Turbidity
# name 10 = flag:  0.000e+00
# span 0 =          1,       5940       
# span 1 =      0.420,     13.919       
# span 2 =    11.9583,    16.0077       
# span 3 =    11.9664,    16.0088       
# span 4 =   2.810210,   3.422799       
# span 5 =   2.813003,   3.416273       
# span 6 =     0.9943,     2.8560       
# span 7 =     1.0244,     2.7645       
# span 8 =     0.0040,     0.0086       
# span 9 =  0.0921354,  0.2082287       
# span 10 = 0.0000e+00, 0.0000e+00      
# interval = seconds: 0.0416667
# start_time = Sep 21 2021 08:43:04 [System UTC, header]
# bad_flag = -9.990e-29
*END*
[from data line 3279]
       3280      2.080    15.2925    15.2610   2.975296   2.966476     2.5563     2.4723     0.0059  0.1684736 0.0000e+00
       3281      2.060    15.2886    15.2581   2.974708   2.965928     2.5575     2.4740     0.0059  0.1686521 0.0000e+00
       3282      2.039    15.2843    15.2554   2.974060   2.965412     2.5587     2.4757     0.0059  0.1688274 0.0000e+00
       3283      2.019    15.2797    15.2528   2.973343   2.964920     2.5599     2.4774     0.0059  0.1690008 0.0000e+00
       3284      1.998    15.2746    15.2503   2.972547   2.964443     2.5611     2.4790     0.0059  0.1691718 0.0000e+00
       3285      1.978    15.2690    15.2478   2.971663   2.963977     2.5623     2.4807     0.0059  0.1693407 0.0000e+00
       3286      1.958    15.2629    15.2454   2.970681   2.963521     2.5635     2.4824     0.0059  0.1695086 0.0000e+00
       3287      1.937    15.2562    15.2430   2.969598   2.963081     2.5647     2.4841     0.0059  0.1696777 0.0000e+00
       3288      1.917    15.2491    15.2408   2.968437   2.962659     2.5659     2.4858     0.0059  0.1698508 0.0000e+00
       3289      1.897    15.2419    15.2386   2.967250   2.962263     2.5671     2.4874     0.0059  0.1700299 0.0000e+00
       3290      1.877    15.2348    15.2365   2.966085   2.961893     2.5683     2.4891     0.0059  0.1702163 0.0000e+00
       3291      1.857    15.2280    15.2344   2.964962   2.961551     2.5695     2.4908     0.0059  0.1704104 0.0000e+00
       3292      1.837    15.2214    15.2325   2.963868   2.961241     2.5708     2.4924     0.0059  0.1706128 0.0000e+00
       3293      1.817    15.2148    15.2307   2.962776   2.960965     2.5720     2.4941     0.0059  0.1708248 0.0000e+00
       3294      1.798    15.2082    15.2290   2.961654   2.960724     2.5732     2.4958     0.0059  0.1710471 0.0000e+00
       3295      1.778    15.2012    15.2274   2.960467   2.960511     2.5744     2.4975     0.0059  0.1712803 0.0000e+00
       3296      1.759    15.1938    15.2259   2.959191   2.960316     2.5756     2.4991     0.0059  0.1715261 0.0000e+00
       3297      1.739    15.1859    15.2244   2.957818   2.960128     2.5768     2.5008     0.0059  0.1717870 0.0000e+00
       3298      1.720    15.1777    15.2228   2.956367   2.959938     2.5780     2.5025     0.0057  0.1720624 0.0000e+00
       3299      1.701    15.1694    15.2211   2.954868   2.959735     2.5792     2.5041     0.0055  0.1723413 0.0000e+00
       3300      1.682    15.1612    15.2193   2.953349   2.959509     2.5805     2.5058     0.0055  0.1726105 0.0000e+00
       3301      1.663    15.1529    15.2174   2.951822   2.959251     2.5817     2.5074     0.0055  0.1728650 0.0000e+00
       3302      1.644    15.1447    15.2152   2.950276   2.958955     2.5829     2.5090     0.0055  0.1731066 0.0000e+00
       3303      1.625    15.1361    15.2128   2.948679   2.958616     2.5841     2.5107     0.0055  0.1733386 0.0000e+00
       3304      1.606    15.1272    15.2101   2.947010   2.958232     2.5853     2.5123     0.0055  0.1735636 0.0000e+00
       3305      1.587    15.1180    15.2071   2.945266   2.957798     2.5865     2.5139     0.0055  0.1737831 0.0000e+00
       3306      1.568    15.1084    15.2039   2.943465   2.957312     2.5876     2.5155     0.0055  0.1739986 0.0000e+00
       3307      1.549    15.0987    15.2003   2.941634   2.956767     2.5888     2.5171     0.0055  0.1742116 0.0000e+00
       3308      1.531    15.0890    15.1963   2.939807   2.956160     2.5900     2.5187     0.0055  0.1744236 0.0000e+00
       3309      1.512    15.0795    15.1918   2.938021   2.955483     2.5912     2.5203     0.0055  0.1746352 0.0000e+00
       3310      1.494    15.0705    15.1870   2.936312   2.954733     2.5923     2.5219     0.0055  0.1748471 0.0000e+00
       3311      1.476    15.0619    15.1817   2.934701   2.953911     2.5934     2.5235     0.0055  0.1750615 0.0000e+00
       3312      1.458    15.0538    15.1762   2.933193   2.953025     2.5946     2.5251     0.0055  0.1752809 0.0000e+00
       3313      1.439    15.0463    15.1704   2.931786   2.952086     2.5957     2.5266     0.0055  0.1755067 0.0000e+00
       3314      1.421    15.0392    15.1646   2.930456   2.951108     2.5968     2.5282     0.0055  0.1757405 0.0000e+00
       3315      1.403    15.0324    15.1585   2.929164   2.950100     2.5978     2.5297     0.0055  0.1759839 0.0000e+00
       3316      1.385    15.0256    15.1525   2.927875   2.949070     2.5989     2.5312     0.0055  0.1762387 0.0000e+00
       3317      1.367    15.0188    15.1464   2.926565   2.948029     2.5999     2.5328     0.0055  0.1765066 0.0000e+00
       3318      1.350    15.0117    15.1404   2.925204   2.946985     2.6010     2.5343     0.0055  0.1767894 0.0000e+00
       3319      1.332    15.0039    15.1343   2.923753   2.945941     2.6020     2.5358     0.0055  0.1770892 0.0000e+00
       3320      1.314    14.9955    15.1283   2.922185   2.944895     2.6030     2.5373     0.0055  0.1774080 0.0000e+00
       3321      1.297    14.9863    15.1223   2.920509   2.943852     2.6040     2.5388     0.0055  0.1777480 0.0000e+00
       3322      1.279    14.9768    15.1162   2.918767   2.942818     2.6050     2.5402     0.0055  0.1781117 0.0000e+00
       3323      1.262    14.9671    15.1102   2.917014   2.941801     2.6060     2.5417     0.0055  0.1784997 0.0000e+00
       3324      1.245    14.9576    15.1044   2.915293   2.940814     2.6069     2.5431     0.0057  0.1789013 0.0000e+00
       3325      1.228    14.9482    15.0989   2.913630   2.939875     2.6079     2.5445     0.0059  0.1792921 0.0000e+00
       3326      1.211    14.9389    15.0938   2.912031   2.939004     2.6088     2.5459     0.0059  0.1796535 0.0000e+00
       3327      1.194    14.9299    15.0891   2.910492   2.938210     2.6097     2.5472     0.0059  0.1799821 0.0000e+00
       3328      1.177    14.9212    15.0850   2.909009   2.937496     2.6106     2.5486     0.0059  0.1802811 0.0000e+00
       3329      1.160    14.9127    15.0814   2.907583   2.936858     2.6116     2.5499     0.0059  0.1805533 0.0000e+00
       3330      1.143    14.9046    15.0782   2.906221   2.936290     2.6125     2.5512     0.0059  0.1808015 0.0000e+00
       3331      1.127    14.8969    15.0754   2.904925   2.935784     2.6134     2.5525     0.0059  0.1810283 0.0000e+00
       3332      1.111    14.8896    15.0729   2.903701   2.935333     2.6143     2.5537     0.0059  0.1812345 0.0000e+00
       3333      1.094    14.8828    15.0706   2.902552   2.934934     2.6152     2.5549     0.0059  0.1814205 0.0000e+00
       3334      1.078    14.8764    15.0686   2.901476   2.934579     2.6161     2.5561     0.0059  0.1815878 0.0000e+00
       3335      1.062    14.8704    15.0667   2.900471   2.934255     2.6170     2.5573     0.0059  0.1817383 0.0000e+00
       3336      1.046    14.8648    15.0648   2.899528   2.933945     2.6179     2.5585     0.0059  0.1818738 0.0000e+00
       3337      1.030    14.8595    15.0630   2.898640   2.933638     2.6188     2.5597     0.0059  0.1819946 0.0000e+00
       3338      1.014    14.8545    15.0612   2.897796   2.933324     2.6197     2.5608     0.0059  0.1821006 0.0000e+00
       3339      0.998    14.8498    15.0594   2.896986   2.933000     2.6206     2.5619     0.0059  0.1821924 0.0000e+00
       3340      0.982    14.8452    15.0575   2.896202   2.932663     2.6215     2.5630     0.0059  0.1822717 0.0000e+00
       3341      0.966    14.8408    15.0555   2.895441   2.932313     2.6224     2.5640     0.0059  0.1823399 0.0000e+00
       3342      0.951    14.8366    15.0534   2.894699   2.931947     2.6234     2.5650     0.0059  0.1823964 0.0000e+00
       3343      0.935    14.8326    15.0511   2.893975   2.931564     2.6243     2.5661     0.0059  0.1824410 0.0000e+00
       3344      0.920    14.8287    15.0488   2.893266   2.931158     2.6252     2.5670     0.0059  0.1824747 0.0000e+00
       3345      0.904    14.8249    15.0463   2.892572   2.930725     2.6262     2.5680     0.0059  0.1824986 0.0000e+00
       3346      0.889    14.8212    15.0436   2.891893   2.930256     2.6271     2.5690     0.0059  0.1825121 0.0000e+00
       3347      0.873    14.8177    15.0406   2.891229   2.929746     2.6281     2.5699     0.0059  0.1825144 0.0000e+00
       3348      0.858    14.8143    15.0374   2.890584   2.929185     2.6290     2.5708     0.0059  0.1825063 0.0000e+00
       3349      0.843    14.8110    15.0340   2.889957   2.928569     2.6300     2.5717     0.0059  0.1824904 0.0000e+00
       3350      0.828    14.8078    15.0302   2.889349   2.927897     2.6310     2.5726     0.0057  0.1824707 0.0000e+00
       3351      0.813    14.8048    15.0261   2.888759   2.927176     2.6321     2.5735     0.0057  0.1824515 0.0000e+00
       3352      0.798    14.8019    15.0218   2.888186   2.926416     2.6331     2.5744     0.0057  0.1824350 0.0000e+00
       3353      0.784    14.7990    15.0173   2.887622   2.925628     2.6341     2.5753     0.0057  0.1824221 0.0000e+00
       3354      0.769    14.7962    15.0126   2.887058   2.924814     2.6352     2.5762     0.0057  0.1824118 0.0000e+00
       3355      0.755    14.7933    15.0078   2.886481   2.923966     2.6363     2.5771     0.0057  0.1824032 0.0000e+00
       3356      0.741    14.7902    15.0026   2.885874   2.923068     2.6374     2.5780     0.0057  0.1823963 0.0000e+00
       3357      0.727    14.7869    14.9970   2.885219   2.922102     2.6386     2.5789     0.0057  0.1823909 0.0000e+00
       3358      0.713    14.7831    14.9909   2.884497   2.921056     2.6397     2.5797     0.0057  0.1823870 0.0000e+00
       3359      0.699    14.7788    14.9844   2.883688   2.919930     2.6409     2.5806     0.0057  0.1823846 0.0000e+00
       3360      0.685    14.7738    14.9775   2.882780   2.918736     2.6421     2.5815     0.0057  0.1823838 0.0000e+00
       3361      0.672    14.7682    14.9704   2.881763   2.917492     2.6433     2.5824     0.0057  0.1823844 0.0000e+00
       3362      0.658    14.7618    14.9630   2.880624   2.916211     2.6446     2.5832     0.0057  0.1823865 0.0000e+00
       3363      0.645    14.7547    14.9556   2.879351   2.914896     2.6459     2.5841     0.0057  0.1823902 0.0000e+00
       3364      0.632    14.7469    14.9481   2.877942   2.913545     2.6472     2.5850     0.0057  0.1823953 0.0000e+00
       3365      0.620    14.7383    14.9403   2.876400   2.912140     2.6485     2.5858     0.0057  0.1824021 0.0000e+00
       3366      0.607    14.7289    14.9322   2.874736   2.910661     2.6498     2.5867     0.0057  0.1824104 0.0000e+00
       3367      0.595    14.7191    14.9237   2.872986   2.909095     2.6511     2.5876     0.0057  0.1824205 0.0000e+00
       3368      0.583    14.7090    14.9147   2.871194   2.907433     2.6525     2.5884     0.0057  0.1824322 0.0000e+00
       3369      0.572    14.6991    14.9052   2.869400   2.905664     2.6539     2.5893     0.0057  0.1824458 0.0000e+00
       3370      0.561    14.6894    14.8950   2.867635   2.903775     2.6553     2.5902     0.0057  0.1824613 0.0000e+00
       3371      0.550    14.6802    14.8840   2.865928   2.901751     2.6567     2.5910     0.0057  0.1824789 0.0000e+00
       3372      0.540    14.6716    14.8722   2.864304   2.899587     2.6581     2.5919     0.0057  0.1824986 0.0000e+00
       3373      0.530    14.6636    14.8596   2.862777   2.897287     2.6596     2.5928     0.0057  0.1825206 0.0000e+00
       3374      0.521    14.6564    14.8462   2.861350   2.894872     2.6610     2.5937     0.0057  0.1825450 0.0000e+00
       3375      0.512    14.6498    14.8325   2.860020   2.892409     2.6625     2.5945     0.0057  0.1825704 0.0000e+00
       3376      0.503    14.6438    14.8191   2.858770   2.890000     2.6639     2.5954     0.0057  0.1825917 0.0000e+00
       3377      0.495    14.6381    14.8064   2.857574   2.887743     2.6654     2.5963     0.0057  0.1826041 0.0000e+00
       3378      0.487    14.6327    14.7948   2.856417   2.885697     2.6669     2.5971     0.0057  0.1826059 0.0000e+00
       3379      0.480    14.6277    14.7845   2.855314   2.883888     2.6683     2.5980     0.0057  0.1825971 0.0000e+00
       3380      0.473    14.6233    14.7755   2.854317   2.882330     2.6698     2.5988     0.0055  0.1825778 0.0000e+00
       3381      0.467    14.6199    14.7680   2.853494   2.881039     2.6713     2.5997     0.0057  0.1825477 0.0000e+00
       3382      0.461    14.6176    14.7620   2.852885   2.880022     2.6727     2.6005     0.0055  0.1825066 0.0000e+00
       3383      0.455    14.6164    14.7575   2.852481   2.879275     2.6742     2.6013     0.0057  0.1824543 0.0000e+00
       3384      0.450    14.6160    14.7545   2.852255   2.878790     2.6756     2.6021     0.0057  0.1823903 0.0000e+00
       3385      0.445    14.6166    14.7531   2.852196   2.878566     2.6771     2.6029     0.0055  0.1823143 0.0000e+00
       3386      0.441    14.6180    14.7533   2.852305   2.878612     2.6785     2.6036     0.0057  0.1822258 0.0000e+00
       3387      0.437    14.6204    14.7551   2.852586   2.878936     2.6799     2.6043     0.0057  0.1821240 0.0000e+00
       3388      0.434    14.6237    14.7584   2.853039   2.879513     2.6813     2.6050     0.0057  0.1820083 0.0000e+00
       3389      0.431    14.6278    14.7625   2.853659   2.880259     2.6827     2.6057     0.0057  0.1818779 0.0000e+00
       3390      0.428    14.6327    14.7670   2.854454   2.881071     2.6841     2.6064     0.0057  0.1817319 0.0000e+00
       3391      0.426    14.6386    14.7716   2.855438   2.881898     2.6854     2.6071     0.0057  0.1815692 0.0000e+00
       3392      0.424    14.6453    14.7761   2.856625   2.882737     2.6868     2.6077     0.0055  0.1813888 0.0000e+00
       3393      0.423    14.6531    14.7806   2.858025   2.883607     2.6881     2.6083     0.0057  0.1811894 0.0000e+00
       3394      0.421    14.6618    14.7853   2.859639   2.884533     2.6894     2.6089     0.0057  0.1809695 0.0000e+00
       3395      0.421    14.6714    14.7904   2.861451   2.885528     2.6907     2.6095     0.0057  0.1807277 0.0000e+00
       3396      0.420    14.6818    14.7958   2.863429   2.886583     2.6920     2.6100     0.0057  0.1804623 0.0000e+00
       3397      0.420    14.6927    14.8016   2.865529   2.887667     2.6933     2.6106     0.0057  0.1801714 0.0000e+00
       3398      0.421    14.7040    14.8074   2.867711   2.888739     2.6946     2.6111     0.0057  0.1798539 0.0000e+00
       3399      0.421    14.7157    14.8129   2.869954   2.889765     2.6959     2.6117     0.0057  0.1795084 0.0000e+00
       3400      0.422    14.7276    14.8182   2.872245   2.890727     2.6972     2.6122     0.0057  0.1791384 0.0000e+00
       3401      0.423    14.7399    14.8231   2.874586   2.891636     2.6984     2.6127     0.0059  0.1787626 0.0000e+00
       3402      0.424    14.7524    14.8276   2.876980   2.892503     2.6997     2.6133     0.0059  0.1784047 0.0000e+00
       3403      0.426    14.7654    14.8317   2.879429   2.893329     2.7010     2.6139     0.0059  0.1780759 0.0000e+00
       3404      0.428    14.7787    14.8355   2.881927   2.894119     2.7023     2.6144     0.0059  0.1777763 0.0000e+00
       3405      0.430    14.7923    14.8391   2.884471   2.894909     2.7035     2.6150     0.0059  0.1775039 0.0000e+00
       3406      0.433    14.8063    14.8432   2.887068   2.895764     2.7048     2.6156     0.0059  0.1772568 0.0000e+00
       3407      0.436    14.8207    14.8481   2.889738   2.896738     2.7061     2.6163     0.0059  0.1770334 0.0000e+00
       3408      0.439    14.8356    14.8537   2.892484   2.897843     2.7074     2.6169     0.0059  0.1768319 0.0000e+00
       3409      0.442    14.8508    14.8602   2.895280   2.899075     2.7087     2.6176     0.0059  0.1766502 0.0000e+00
