data/2021/ctd_data_day1/Station 1 210921_ctm.cnv
* Sea-Bird SBE 9 Data File:
* FileName = C:\Users\CTD-User\Desktop\MAR440\Station 1 210921.hex
* Software Version Seasave V 7.26.2.13
* Temperature SN = 6313
* Conductivity SN = 4758
* Number of Bytes Per Scan = 30
* Number of Voltage Words = 4
* Number of Scans Averaged by the Deck Unit = 1
* NMEA baud rate = 4800
** Ship:
** Station:
** Operator:
# nquan = 11
# nvalues = 5940                        
# units = specified
# name 0 = scan: Scan Count
# name 1 = prDM: Pressure, Digiquartz [db]
# name 2 = t090C: Temperature [ITS-90, deg C]
# name 3 = t190C: Temperature, 2 [ITS-90, deg C]
# name 4 = c0S/m: Conductivity [S/m]
# name 5 = c1S/m: Conductivity, 2 [S/m]
# name 6 = sbeox0V: Oxygen raw, SBE 43 [V]
# name 7 = sbeox1V: Oxygen raw, SBE 43, 2 [V]
# name 8 = flECO-AFL: Fluorescence, WET Labs ECO-AFL/FL [mg/m^3]
# name 9 = upoly0: Upoly 0, Turbidity
# name 10 = flag:  0.000e+00
# span 0 =          1,       5940       
# span 1 =      0.327,     13.973       
# span 2 =    11.9529,    16.0393       
# span 3 =    11.9540,    16.0416       
# span 4 =   2.808598,   3.423301       
# span 5 =   2.808270,   3.416889       
# span 6 =     0.9938,     2.8596       
# span 7 =     1.0231,     2.7656       
# span 8 =     0.0040,     0.0086       
# span 9 =  0.0918156,  0.2139158       
# span 10 = 0.0000e+00, 0.0000e+00      
# interval = seconds: 0.0416667
# start_time = Sep 21 2021 08:43:04 [System UTC, header]
# bad_flag = -9.990e-29
*END*
[from data line 656]
        657      4.253    15.1946    15.2437   2.956222   2.965420     2.8071     2.7082     0.0062  0.1753321 0.0000e+00
        658      4.278    15.1936    15.2403   2.955338   2.964801     2.8071     2.7082     0.0062  0.1753321 0.0000e+00
        659      4.311    15.2014    15.2353   2.955629   2.964216     2.8059     2.7082     0.0062  0.1753321 0.0000e+00
        660      4.336    15.2110    15.2394   2.957196   2.963955     2.8059     2.7082     0.0062  0.1753321 0.0000e+00
        661      4.377    15.2204    15.2454   2.958817   2.964667     2.8059     2.7070     0.0062  0.1753321 0.0000e+00
        662      4.336    15.2273    15.2451   2.960246   2.965518     2.8059     2.7070     0.0062  0.1753321 0.0000e+00
        663      4.402    15.2346    15.2472   2.961490   2.966074     2.8059     2.7070     0.0062  0.1753321 0.0000e+00
        664      4.377    15.2383    15.2561   2.962575   2.966797     2.8059     2.7070     0.0062  0.1753321 0.0000e+00
        665      4.459    15.2413    15.2633   2.963317   2.967972     2.8034     2.7057     0.0062  0.1753321 0.0000e+00
        666      4.435    15.2439    15.2559   2.963659   2.968676     2.8059     2.7057     0.0062  0.1753321 0.0000e+00
        667      4.459    15.2489    15.2437   2.964249   2.967620     2.8059     2.7057     0.0062  0.1753321 0.0000e+00
        668      4.525    15.2603    15.2331   2.965574   2.966195     2.8034     2.7045     0.0062  0.1753321 0.0000e+00
        669      4.492    15.2698    15.2254   2.967296   2.965479     2.8022     2.7045     0.0062  0.1758205 0.0000e+00
        670      4.525    15.2730    15.2229   2.968426   2.965094     2.8010     2.7033     0.0062  0.1748437 0.0000e+00
        671      4.558    15.2760    15.2322   2.968819   2.965389     2.8010     2.7033     0.0060  0.1694713 0.0000e+00
        672      4.583    15.2837    15.2407   2.969181   2.966193     2.8022     2.7021     0.0060  0.1665409 0.0000e+00
        673      4.616    15.2831    15.2508   2.969284   2.967091     2.8010     2.7021     0.0060  0.1665409 0.0000e+00
        674      4.641    15.2741    15.2576   2.968731   2.968342     2.7998     2.7009     0.0060  0.1665409 0.0000e+00
        675      4.583    15.2735    15.2633   2.968255   2.969949     2.8010     2.7009     0.0060  0.1670293 0.0000e+00
        676      4.682    15.2783    15.2700   2.968894   2.971473     2.7998     2.6996     0.0060  0.1670293 0.0000e+00
        677      4.707    15.2862    15.2771   2.970671   2.972938     2.7998     2.6996     0.0060  0.1670293 0.0000e+00
        678      4.739    15.2946    15.2832   2.973020   2.974482     2.7973     2.6984     0.0060  0.1670293 0.0000e+00
        679      4.706    15.2940    15.2874   2.974482   2.976117     2.7961     2.6984     0.0060  0.1665409 0.0000e+00
        680      4.739    15.2897    15.2844   2.974313   2.976855     2.7961     2.6972     0.0060  0.1670293 0.0000e+00
        681      4.764    15.2848    15.2835   2.973869   2.976525     2.7973     2.6960     0.0060  0.1665409 0.0000e+00
        682      4.830    15.2827    15.2859   2.973868   2.976148     2.7961     2.6960     0.0060  0.1665409 0.0000e+00
        683      4.805    15.2807    15.2859   2.973695   2.976090     2.7937     2.6947     0.0060  0.1670293 0.0000e+00
        684      4.830    15.2776    15.2802   2.973442   2.975834     2.7924     2.6935     0.0060  0.1665409 0.0000e+00
        685      4.863    15.2730    15.2759   2.973094   2.975283     2.7924     2.6935     0.0060  0.1670293 0.0000e+00
        686      4.888    15.2727    15.2817   2.973183   2.975187     2.7937     2.6923     0.0059  0.1670293 0.0000e+00
        687      4.888    15.2907    15.2953   2.974735   2.975821     2.7924     2.6911     0.0060  0.1665409 0.0000e+00
        688      4.987    15.2949    15.3049   2.976406   2.976701     2.7900     2.6899     0.0060  0.1670293 0.0000e+00
        689      4.888    15.2899    15.3087   2.976532   2.977111     2.7900     2.6899     0.0060  0.1670293 0.0000e+00
        690      4.987    15.2960    15.3150   2.975932   2.977235     2.7900     2.6886     0.0060  0.1670293 0.0000e+00
        691      5.011    15.3125    15.3238   2.976695   2.977663     2.7912     2.6886     0.0060  0.1665409 0.0000e+00
        692      5.011    15.3303    15.3287   2.979059   2.978263     2.7888     2.6874     0.0060  0.1665409 0.0000e+00
        693      5.044    15.3414    15.3299   2.981609   2.978657     2.7875     2.6862     0.0060  0.1670293 0.0000e+00
        694      5.011    15.3511    15.3318   2.983999   2.978736     2.7851     2.6862     0.0060  0.1665409 0.0000e+00
        695      5.110    15.3615    15.3295   2.986054   2.978739     2.7863     2.6850     0.0060  0.1665409 0.0000e+00
        696      5.069    15.3732    15.3241   2.987837   2.978419     2.7863     2.6838     0.0060  0.1694713 0.0000e+00
        697      5.168    15.3835    15.3178   2.989373   2.978062     2.7863     2.6838     0.0060  0.1724017 0.0000e+00
        698      5.135    15.3912    15.3150   2.990766   2.978097     2.7851     2.6825     0.0062  0.1733785 0.0000e+00
        699      5.135    15.3950    15.3117   2.992026   2.978529     2.7827     2.6825     0.0062  0.1733785 0.0000e+00
        700      5.168    15.3977    15.3217   2.992951   2.979810     2.7863     2.6813     0.0062  0.1728901 0.0000e+00
        701      5.258    15.3973    15.3382   2.993354   2.982019     2.7839     2.6813     0.0062  0.1733785 0.0000e+00
        702      5.225    15.3957    15.3580   2.993409   2.984793     2.7827     2.6801     0.0062  0.1733785 0.0000e+00
        703      5.258    15.3961    15.3731   2.993520   2.987474     2.7814     2.6801     0.0062  0.1728901 0.0000e+00
        704      5.258    15.3984    15.3834   2.993956   2.989703     2.7814     2.6801     0.0062  0.1733785 0.0000e+00
        705      5.291    15.4005    15.3860   2.994586   2.991296     2.7814     2.6789     0.0062  0.1728901 0.0000e+00
        706      5.316    15.4021    15.3765   2.994913   2.991797     2.7802     2.6789     0.0062  0.1728901 0.0000e+00
        707      5.349    15.4045    15.3712   2.995195   2.991476     2.7790     2.6777     0.0062  0.1728901 0.0000e+00
        708      5.374    15.4059    15.3671   2.995244   2.990689     2.7778     2.6777     0.0062  0.1733785 0.0000e+00
        709      5.374    15.4062    15.3648   2.995269   2.989330     2.7778     2.6764     0.0062  0.1728901 0.0000e+00
        710      5.349    15.4066    15.3733   2.995319   2.988920     2.7790     2.6764     0.0062  0.1728901 0.0000e+00
        711      5.440    15.4069    15.3792   2.995493   2.989913     2.7778     2.6752     0.0062  0.1733785 0.0000e+00
        712      5.473    15.4084    15.3862   2.995666   2.991408     2.7766     2.6752     0.0062  0.1728901 0.0000e+00
        713      5.440    15.4118    15.3979   2.996500   2.993463     2.7766     2.6740     0.0062  0.1728901 0.0000e+00
        714      5.497    15.4145    15.4054   2.997891   2.996134     2.7753     2.6740     0.0060  0.1728901 0.0000e+00
        715      5.473    15.4299    15.4081   2.999692   2.998156     2.7766     2.6728     0.0062  0.1733785 0.0000e+00
        716      5.563    15.4472    15.4093   3.002593   2.998929     2.7753     2.6728     0.0062  0.1733785 0.0000e+00
        717      5.539    15.4609    15.4100   3.004904   2.999282     2.7741     2.6728     0.0062  0.1728901 0.0000e+00
        718      5.563    15.4696    15.4164   3.006107   2.999927     2.7729     2.6715     0.0062  0.1733785 0.0000e+00
        719      5.621    15.4804    15.4306   3.007043   3.001578     2.7741     2.6703     0.0062  0.1728901 0.0000e+00
        720      5.596    15.5005    15.4673   3.009235   3.006256     2.7741     2.6703     0.0062  0.1728901 0.0000e+00
        721      5.687    15.5113    15.4983   3.012463   3.013839     2.7729     2.6703     0.0062  0.1719133 0.0000e+00
        722      5.596    15.5214    15.5070   3.014806   3.019887     2.7717     2.6691     0.0066  0.1616569 0.0000e+00
        723      5.745    15.5348    15.5080   3.017440   3.021681     2.7717     2.6691     0.0068  0.1567729 0.0000e+00
        724      5.687    15.5280    15.5160   3.019396   3.021964     2.7717     2.6679     0.0068  0.1562845 0.0000e+00
        725      5.720    15.5081    15.5224   3.018417   3.022620     2.7717     2.6679     0.0068  0.1567729 0.0000e+00
        726      5.745    15.4954    15.5463   3.015850   3.024707     2.7705     2.6667     0.0068  0.1572613 0.0000e+00
        727      5.777    15.4935    15.5999   3.013993   3.030902     2.7692     2.6667     0.0068  0.1572613 0.0000e+00
        728      5.744    15.4985    15.6540   3.014039   3.042815     2.7680     2.6667     0.0066  0.1572613 0.0000e+00
        729      5.802    15.5222    15.7039   3.016142   3.056434     2.7717     2.6654     0.0068  0.1572613 0.0000e+00
        730      5.843    15.5719    15.7335   3.023221   3.067374     2.7692     2.6654     0.0068  0.1572613 0.0000e+00
        731      5.868    15.6109    15.7263   3.033225   3.071465     2.7680     2.6630     0.0068  0.1567729 0.0000e+00
        732      5.901    15.6328    15.7043   3.040871   3.068020     2.7668     2.6654     0.0068  0.1572613 0.0000e+00
        733      5.868    15.6378    15.7008   3.044545   3.062742     2.7656     2.6642     0.0068  0.1572613 0.0000e+00
        734      5.868    15.6403    15.7169   3.045800   3.062243     2.7680     2.6630     0.0068  0.1572613 0.0000e+00
        735      5.967    15.6441    15.7411   3.046710   3.066194     2.7656     2.6606     0.0068  0.1572613 0.0000e+00
        736      5.992    15.6572    15.7632   3.048928   3.071952     2.7643     2.6606     0.0068  0.1572613 0.0000e+00
        737      5.967    15.6677    15.7693   3.052046   3.076451     2.7631     2.6630     0.0068  0.1572613 0.0000e+00
        738      5.992    15.6867    15.7482   3.054292   3.077172     2.7631     2.6606     0.0068  0.1572613 0.0000e+00
        739      6.049    15.6989    15.7057   3.056815   3.072357     2.7643     2.6606     0.0068  0.1572613 0.0000e+00
        740      6.025    15.7089    15.6703   3.059833   3.062968     2.7619     2.6606     0.0068  0.1572613 0.0000e+00
        741      6.049    15.7269    15.6593   3.063167   3.055061     2.7619     2.6593     0.0066  0.1572613 0.0000e+00
        742      6.082    15.7504    15.6664   3.067402   3.052598     2.7595     2.6593     0.0068  0.1572613 0.0000e+00
        743      6.107    15.8021    15.6823   3.074540   3.054626     2.7619     2.6593     0.0068  0.1572613 0.0000e+00
        744      6.173    15.8555    15.7059   3.085728   3.058777     2.7619     2.6581     0.0068  0.1572613 0.0000e+00
        745      6.148    15.8997    15.7186   3.098174   3.062695     2.7582     2.6581     0.0068  0.1572613 0.0000e+00
        746      6.173    15.9352    15.7377   3.108227   3.065660     2.7570     2.6569     0.0068  0.1572613 0.0000e+00
        747      6.173    15.9556    15.7643   3.114970   3.070275     2.7570     2.6581     0.0073  0.1440745 0.0000e+00
        748      6.206    15.9707    15.7853   3.118683   3.076708     2.7570     2.6581     0.0082  0.1274689 0.0000e+00
        749      6.297    15.9833    15.7635   3.121199   3.078544     2.7570     2.6569     0.0084  0.1235617 0.0000e+00
        750      6.206    15.9746    15.7292   3.121855   3.073433     2.7546     2.6569     0.0084  0.1235617 0.0000e+00
        751      6.297    15.9393    15.7070   3.117833   3.066460     2.7534     2.6569     0.0084  0.1240501 0.0000e+00
        752      6.297    15.9220    15.7088   3.113895   3.062935     2.7521     2.6557     0.0084  0.1245385 0.0000e+00
        753      6.330    15.9240    15.7068   3.112940   3.062615     2.7534     2.6557     0.0084  0.1240501 0.0000e+00
        754      6.354    15.9204    15.7032   3.110997   3.062327     2.7521     2.6545     0.0084  0.1240501 0.0000e+00
        755      6.387    15.9067    15.6954   3.108094   3.061218     2.7509     2.6545     0.0084  0.1245385 0.0000e+00
        756      6.354    15.8573    15.6819   3.102127   3.059098     2.7485     2.6532     0.0084  0.1245385 0.0000e+00
        757      6.420    15.8102    15.6677   3.092148   3.056336     2.7485     2.6532     0.0084  0.1245385 0.0000e+00
        758      6.453    15.7930    15.6553   3.084464   3.053682     2.7497     2.6532     0.0084  0.1245385 0.0000e+00
        759      6.478    15.8116    15.6548   3.083732   3.051637     2.7473     2.6520     0.0084  0.1240501 0.0000e+00
        760      6.478    15.8423    15.6939   3.087517   3.052477     2.7473     2.6508     0.0084  0.1245385 0.0000e+00
        761      6.453    15.8599    15.7537   3.090765   3.060086     2.7460     2.6508     0.0084  0.1245385 0.0000e+00
        762      6.535    15.8762    15.7998   3.092562   3.071541     2.7448     2.6496     0.0084  0.1245385 0.0000e+00
        763      6.577    15.8918    15.8512   3.095141   3.082161     2.7460     2.6483     0.0084  0.1245385 0.0000e+00
        764      6.535    15.9038    15.8925   3.098460   3.091717     2.7436     2.6483     0.0084  0.1240501 0.0000e+00
        765      6.601    15.9026    15.9247   3.100543   3.101765     2.7424     2.6471     0.0084  0.1245385 0.0000e+00
        766      6.577    15.9084    15.9545   3.101997   3.114578     2.7424     2.6459     0.0084  0.1240501 0.0000e+00
        767      6.659    15.9232    15.9781   3.104834   3.129540     2.7424     2.6435     0.0084  0.1240501 0.0000e+00
        768      6.634    15.9372    15.9926   3.109474   3.142771     2.7424     2.6422     0.0084  0.1240501 0.0000e+00
        769      6.659    15.9491    16.0061   3.114438   3.153454     2.7399     2.6410     0.0084  0.1245385 0.0000e+00
        770      6.725    15.9627    16.0178   3.119401   3.162611     2.7387     2.6398     0.0084  0.1245385 0.0000e+00
        771      6.700    15.9790    16.0240   3.125177   3.169822     2.7375     2.6374     0.0084  0.1245385 0.0000e+00
        772      6.725    15.9942    16.0282   3.132756   3.174907     2.7387     2.6361     0.0082  0.1235617 0.0000e+00
        773      6.783    16.0092    16.0328   3.143793   3.178671     2.7375     2.6337     0.0070  0.1157473 0.0000e+00
        774      6.758    16.0178    16.0358   3.157267   3.181532     2.7375     2.6313     0.0062  0.1118400 0.0000e+00
        775      6.840    16.0237    16.0375   3.168625   3.184138     2.7338     2.6288     0.0060  0.1118400 0.0000e+00
        776      6.816    16.0275    16.0382   3.176244   3.186516     2.7314     2.6264     0.0062  0.1118400 0.0000e+00
        777      6.840    16.0301    16.0386   3.181432   3.188366     2.7326     2.6251     0.0062  0.1123284 0.0000e+00
        778      6.840    16.0318    16.0392   3.185548   3.189691     2.7302     2.6215     0.0062  0.1123284 0.0000e+00
        779      6.882    16.0323    16.0408   3.188380   3.191115     2.7277     2.6190     0.0062  0.1123284 0.0000e+00
        780      6.906    16.0318    16.0413   3.190505   3.192563     2.7253     2.6178     0.0062  0.1123284 0.0000e+00
        781      6.906    16.0313    16.0390   3.191864   3.193799     2.7253     2.6154     0.0062  0.1123284 0.0000e+00
        782      6.939    16.0314    16.0351   3.192994   3.194563     2.7241     2.6129     0.0062  0.1123284 0.0000e+00
        783      7.030    16.0323    16.0333   3.193860   3.194942     2.7216     2.6105     0.0062  0.1123284 0.0000e+00
        784      7.005    16.0352    16.0335   3.194614   3.195245     2.7179     2.6081     0.0062  0.1123284 0.0000e+00
        785      6.964    16.0376    16.0351   3.195577   3.195666     2.7155     2.6068     0.0062  0.1123284 0.0000e+00
        786      7.088    16.0393    16.0384   3.196452   3.196368     2.7131     2.6044     0.0062  0.1123284 0.0000e+00
