data/2021/ctd_data_day1/Station 1 ex 210921_ctm_fil_le_der.cnv
* Sea-Bird SBE 9 Data File:
* FileName = C:\Users\CTD-User\Desktop\MAR440\Station 1 ex 210921.hex
* Software Version Seasave V 7.26.2.13
* Temperature SN = 6313
* Conductivity SN = 4758
* Number of Bytes Per Scan = 30
* Number of Voltage Words = 4
* Number of Scans Averaged by the Deck Unit = 1
* NMEA baud rate = 4800
** Ship:
** Station:
** Operator:
# nquan = 16                                
# nvalues = 3592                        
# units = specified
# name 0 = scan: Scan Count
# name 1 = prDM: Pressure, Digiquartz [db]
# name 2 = t090C: Temperature [ITS-90, deg C]
# name 3 = t190C: Temperature, 2 [ITS-90, deg C]
# name 4 = c0S/m: Conductivity [S/m]
# name 5 = c1S/m: Conductivity, 2 [S/m]
# name 6 = sbeox0V: Oxygen raw, SBE 43 [V]
# name 7 = sbeox1V: Oxygen raw, SBE 43, 2 [V]
# name 8 = flECO-AFL: Fluorescence, WET Labs ECO-AFL/FL [mg/m^3]
# name 9 = upoly0: Upoly 0, Turbidity
# name 10 = depSM: Depth [salt water, m], lat = 59
# name 11 = sal00: Salinity, Practical [PSU]
# name 12 = sal11: Salinity, Practical, 2 [PSU]
# name 13 = sbeox0ML/L: Oxygen, SBE 43 [ml/l], WS = 2
# name 14 = sbeox1ML/L: Oxygen, SBE 43, 2 [ml/l], WS = 2
# name 15 = flag: flag
# span 0 =          1,       3592       
# span 1 =      0.209,     30.533       
# span 2 =     7.9664,    16.1288       
# span 3 =     7.9555,    16.1351       
# span 4 =   2.884986,   3.768774       
# span 5 =   2.872738,   3.769854       
# span 6 =     0.6778,     2.8827       
# span 7 =     0.7295,     2.7937       
# span 8 =     0.0035,     0.1207       
# span 9 =  0.0866592,  0.1704992       
# span 10 =      0.207,     30.245      
# span 11 =    22.3329,    32.1221      
# span 12 =    22.5603,    32.0933      
# span 13 =     0.4259,     7.0525      
# span 14 =     0.6473,     5.9082      
# span 15 = 0.0000e+00, 0.0000e+00      
# interval = seconds: 0.0416667
# start_time = Sep 21 2021 11:23:14 [System UTC, header]
# bad_flag = -9.990e-29
*END*
[from data line 2712]
       2713     28.995     9.1289     9.0160   3.450891   3.437971     0.9536     1.0347     0.0092  0.0879138     28.722    32.1181    32.0862     1.2494     1.2865 -9.990e-29
       2714     29.003     9.1090     8.9971   3.449015   3.436150     0.9528     1.0330     0.0086  0.0879121     28.730    32.1166    32.0844     1.2415     1.2763 -9.990e-29
       2715     29.011     9.0904     8.9790   3.447221   3.434379     0.9520     1.0312     0.0092  0.0879103     28.738    32.1149    32.0824     1.2335     1.2659 -9.990e-29
       2716     29.019     9.0730     8.9617   3.445510   3.432659     0.9511     1.0294     0.0086  0.0879086     28.746    32.1128    32.0801     1.2250     1.2555 -9.990e-29
       2717     29.027     9.0568     8.9453   3.443889   3.430989     0.9503     1.0276     0.0092  0.0879068     28.754    32.1107    32.0776     1.2168     1.2452 -9.990e-29
       2718     29.035     9.0419     8.9297   3.442360   3.429367     0.9494     1.0257     0.0086  0.0879051     28.762    32.1083    32.0749     1.2081     1.2347 -9.990e-29
       2719     29.043     9.0283     8.9148   3.440925   3.427787     0.9484     1.0237     0.0086  0.0879033     28.769    32.1057    32.0719     1.1991     1.2239 -9.990e-29
       2720     29.051     9.0156     8.9004   3.439571   3.426243     0.9474     1.0218     0.0092  0.0879015     28.777    32.1031    32.0689     1.1899     1.2135 -9.990e-29
       2721     29.059     9.0035     8.8865   3.438274   3.424729     0.9464     1.0198     0.0092  0.0878997     28.785    32.1006    32.0657     1.1806     1.2029 -9.990e-29
       2722     29.067     8.9914     8.8730   3.437001   3.423244     0.9453     1.0177     0.0086  0.0878977     28.793    32.0983    32.0624     1.1710     1.1921 -9.990e-29
       2723     29.075     8.9789     8.8599   3.435716   3.421790     0.9442     1.0156     0.0090  0.0878958     28.801    32.0963    32.0592     1.1613     1.1814 -9.990e-29
       2724     29.083     8.9655     8.8473   3.434389   3.420368     0.9431     1.0135     0.0084  0.0878937     28.809    32.0946    32.0557     1.1516     1.1707 -9.990e-29
       2725     29.091     8.9509     8.8351   3.432997   3.418979     0.9419     1.0113     0.0082  0.0878915     28.817    32.0934    32.0523     1.1415     1.1598 -9.990e-29
       2726     29.099     8.9351     8.8233   3.431528   3.417621     0.9407     1.0091     0.0084  0.0878892     28.825    32.0924    32.0488     1.1314     1.1491 -9.990e-29
       2727     29.107     8.9182     8.8116   3.429986   3.416291     0.9394     1.0068     0.0082  0.0878868     28.833    32.0916    32.0456     1.1209     1.1382 -9.990e-29
       2728     29.116     8.9009     8.8001   3.428392   3.414989     0.9381     1.0045     0.0082  0.0878842     28.842    32.0907    32.0424     1.1104     1.1273 -9.990e-29
       2729     29.124     8.8836     8.7888   3.426774   3.413709     0.9368     1.0022     0.0082  0.0878815     28.850    32.0895    32.0393     1.0999     1.1167 -9.990e-29
       2730     29.132     8.8666     8.7777   3.425155   3.412449     0.9353     0.9999     0.0084  0.0878785     28.858    32.0881    32.0362     1.0888     1.1061 -9.990e-29
       2731     29.141     8.8502     8.7667   3.423550   3.411202     0.9339     0.9975     0.0082  0.0878754     28.867    32.0862    32.0331     1.0780     1.0954 -9.990e-29
       2732     29.149     8.8343     8.7559   3.421966   3.409970     0.9324     0.9950     0.0082  0.0878728     28.874    32.0841    32.0301     1.0669     1.0845 -9.990e-29
       2733     29.157     8.8189     8.7452   3.420403   3.408752     0.9309     0.9926     0.0084  0.0878718     28.882    32.0818    32.0270     1.0557     1.0742 -9.990e-29
       2734     29.165     8.8040     8.7345   3.418861   3.407549     0.9293     0.9901     0.0084  0.0878713     28.890    32.0792    32.0242     1.0445     1.0637 -9.990e-29
       2735     29.174     8.7896     8.7238   3.417338   3.406360     0.9277     0.9876     0.0082  0.0878706     28.899    32.0763    32.0214     1.0332     1.0534 -9.990e-29
       2736     29.182     8.7756     8.7130   3.415830   3.405182     0.9260     0.9850     0.0084  0.0878696     28.907    32.0733    32.0189     1.0217     1.0431 -9.990e-29
       2737     29.190     8.7618     8.7021   3.414337   3.404011     0.9244     0.9824     0.0082  0.0878683     28.915    32.0702    32.0165     1.0107     1.0329 -9.990e-29
       2738     29.199     8.7483     8.6910   3.412857   3.402844     0.9227     0.9799     0.0084  0.0878667     28.924    32.0670    32.0144     0.9995     1.0232 -9.990e-29
       2739     29.207     8.7349     8.6797   3.411386   3.401674     0.9210     0.9772     0.0082  0.0878649     28.932    32.0638    32.0124     0.9884     1.0133 -9.990e-29
       2740     29.215     8.7217     8.6682   3.409922   3.400501     0.9192     0.9746     0.0084  0.0878628     28.940    32.0605    32.0106     0.9772     1.0038 -9.990e-29
       2741     29.223     8.7084     8.6566   3.408464   3.399321     0.9174     0.9720     0.0084  0.0878612     28.948    32.0573    32.0087     0.9661     0.9945 -9.990e-29
       2742     29.231     8.6952     8.6447   3.407009   3.398132     0.9156     0.9693     0.0082  0.0878609     28.956    32.0541    32.0071     0.9552     0.9853 -9.990e-29
       2743     29.240     8.6818     8.6327   3.405556   3.396933     0.9138     0.9666     0.0082  0.0878612     28.965    32.0510    32.0054     0.9445     0.9763 -9.990e-29
       2744     29.248     8.6682     8.6204   3.404101   3.395723     0.9119     0.9640     0.0082  0.0878611     28.973    32.0481    32.0039     0.9337     0.9679 -9.990e-29
       2745     29.257     8.6545     8.6080   3.402645   3.394502     0.9100     0.9613     0.0084  0.0878608     28.981    32.0453    32.0023     0.9231     0.9594 -9.990e-29
       2746     29.265     8.6407     8.5953   3.401187   3.393270     0.9081     0.9586     0.0084  0.0878601     28.989    32.0426    32.0009     0.9127     0.9511 -9.990e-29
       2747     29.274     8.6269     8.5825   3.399728   3.392030     0.9062     0.9559     0.0082  0.0878590     28.998    32.0399    31.9996     0.9025     0.9431 -9.990e-29
       2748     29.282     8.6130     8.5694   3.398268   3.390782     0.9042     0.9532     0.0082  0.0878576     29.006    32.0372    31.9983     0.8922     0.9353 -9.990e-29
       2749     29.290     8.5993     8.5562   3.396808   3.389529     0.9022     0.9505     0.0092  0.0878559     29.014    32.0343    31.9972     0.8821     0.9279 -9.990e-29
       2750     29.298     8.5857     8.5428   3.395353   3.388275     0.9002     0.9479     0.0097  0.0878538     29.022    32.0314    31.9962     0.8723     0.9209 -9.990e-29
       2751     29.307     8.5721     8.5295   3.393906   3.387024     0.8982     0.9452     0.0099  0.0878513     29.031    32.0286    31.9951     0.8627     0.9139 -9.990e-29
       2752     29.315     8.5587     8.5163   3.392471   3.385781     0.8961     0.9425     0.0097  0.0878484     29.039    32.0257    31.9941     0.8531     0.9071 -9.990e-29
       2753     29.323     8.5451     8.5032   3.391054   3.384547     0.8941     0.9399     0.0097  0.0878451     29.047    32.0232    31.9930     0.8440     0.9008 -9.990e-29
       2754     29.331     8.5315     8.4902   3.389658   3.383326     0.8920     0.9372     0.0095  0.0878413     29.055    32.0209    31.9920     0.8348     0.8944 -9.990e-29
       2755     29.340     8.5179     8.4773   3.388287   3.382119     0.8899     0.9346     0.0099  0.0878371     29.064    32.0189    31.9910     0.8258     0.8886 -9.990e-29
       2756     29.348     8.5045     8.4646   3.386943   3.380922     0.8878     0.9319     0.0099  0.0878333     29.072    32.0169    31.9900     0.8170     0.8827 -9.990e-29
       2757     29.357     8.4914     8.4519   3.385633   3.379734     0.8857     0.9293     0.0097  0.0878315     29.080    32.0151    31.9890     0.8085     0.8773 -9.990e-29
       2758     29.365     8.4787     8.4394   3.384357   3.378553     0.8837     0.9268     0.0099  0.0878316     29.088    32.0132    31.9880     0.8005     0.8723 -9.990e-29
       2759     29.373     8.4663     8.4270   3.383115   3.377378     0.8815     0.9242     0.0097  0.0878330     29.096    32.0114    31.9869     0.7921     0.8673 -9.990e-29
       2760     29.382     8.4540     8.4146   3.381909   3.376208     0.8794     0.9216     0.0099  0.0878355     29.105    32.0099    31.9858     0.7843     0.8624 -9.990e-29
       2761     29.390     8.4418     8.4022   3.380739   3.375045     0.8774     0.9191     0.0097  0.0878384     29.113    32.0087    31.9849     0.7769     0.8579 -9.990e-29
       2762     29.399     8.4298     8.3896   3.379602   3.373888     0.8753     0.9166     0.0099  0.0878407     29.122    32.0077    31.9841     0.7695     0.8536 -9.990e-29
       2763     29.407     8.4179     8.3769   3.378498   3.372739     0.8732     0.9141     0.0097  0.0878426     29.130    32.0069    31.9836     0.7622     0.8495 -9.990e-29
       2764     29.416     8.4063     8.3643   3.377423   3.371599     0.8711     0.9116     0.0097  0.0878441     29.139    32.0061    31.9830     0.7552     0.8454 -9.990e-29
       2765     29.424     8.3949     8.3516   3.376373   3.370468     0.8690     0.9092     0.0099  0.0878451     29.147    32.0054    31.9827     0.7483     0.8418 -9.990e-29
       2766     29.433     8.3836     8.3391   3.375345   3.369348     0.8669     0.9068     0.0097  0.0878457     29.156    32.0049    31.9822     0.7417     0.8383 -9.990e-29
       2767     29.442     8.3723     8.3266   3.374335   3.368241     0.8648     0.9044     0.0099  0.0878466     29.165    32.0045    31.9819     0.7352     0.8349 -9.990e-29
       2768     29.450     8.3610     8.3141   3.373340   3.367150     0.8627     0.9020     0.0099  0.0878489     29.173    32.0043    31.9818     0.7289     0.8316 -9.990e-29
       2769     29.458     8.3498     8.3018   3.372355   3.366076     0.8606     0.8996     0.0099  0.0878516     29.181    32.0041    31.9817     0.7228     0.8283 -9.990e-29
       2770     29.467     8.3386     8.2898   3.371376   3.365020     0.8585     0.8973     0.0099  0.0878538     29.189    32.0040    31.9814     0.7169     0.8254 -9.990e-29
       2771     29.475     8.3276     8.2781   3.370400   3.363981     0.8564     0.8950     0.0097  0.0878557     29.197    32.0037    31.9811     0.7111     0.8226 -9.990e-29
       2772     29.484     8.3165     8.2665   3.369424   3.362963     0.8544     0.8927     0.0097  0.0878573     29.206    32.0035    31.9809     0.7058     0.8198 -9.990e-29
       2773     29.492     8.3052     8.2551   3.368446   3.361967     0.8523     0.8905     0.0099  0.0878585     29.214    32.0035    31.9808     0.7003     0.8174 -9.990e-29
       2774     29.501     8.2934     8.2439   3.367459   3.360993     0.8503     0.8883     0.0099  0.0878593     29.223    32.0039    31.9807     0.6953     0.8149 -9.990e-29
       2775     29.509     8.2812     8.2329   3.366461   3.360039     0.8482     0.8861     0.0101  0.0878598     29.231    32.0044    31.9806     0.6900     0.8126 -9.990e-29
       2776     29.518     8.2687     8.2220   3.365454   3.359101     0.8462     0.8839     0.0102  0.0878599     29.240    32.0052    31.9807     0.6853     0.8102 -9.990e-29
       2777     29.526     8.2563     8.2113   3.364445   3.358178     0.8442     0.8818     0.0101  0.0878598     29.248    32.0058    31.9807     0.6806     0.8082 -9.990e-29
       2778     29.535     8.2441     8.2007   3.363439   3.357268     0.8422     0.8797     0.0101  0.0878592     29.257    32.0063    31.9807     0.6761     0.8061 -9.990e-29
       2779     29.544     8.2322     8.1903   3.362443   3.356367     0.8402     0.8776     0.0101  0.0878584     29.266    32.0066    31.9806     0.6717     0.8041 -9.990e-29
       2780     29.552     8.2206     8.1799   3.361450   3.355476     0.8382     0.8755     0.0102  0.0878572     29.274    32.0067    31.9807     0.6674     0.8021 -9.990e-29
       2781     29.561     8.2092     8.1698   3.360447   3.354595     0.8363     0.8735     0.0101  0.0878556     29.283    32.0065    31.9806     0.6634     0.8003 -9.990e-29
       2782     29.570     8.1977     8.1597   3.359418   3.353724     0.8343     0.8715     0.0102  0.0878537     29.291    32.0061    31.9806     0.6592     0.7985 -9.990e-29
       2783     29.578     8.1861     8.1498   3.358359   3.352864     0.8324     0.8695     0.0101  0.0878513     29.299    32.0055    31.9805     0.6555     0.7967 -9.990e-29
       2784     29.587     8.1744     8.1400   3.357277   3.352019     0.8305     0.8675     0.0101  0.0878486     29.308    32.0047    31.9805     0.6517     0.7949 -9.990e-29
       2785     29.596     8.1626     8.1305   3.356181   3.351191     0.8286     0.8656     0.0102  0.0878455     29.317    32.0039    31.9804     0.6480     0.7933 -9.990e-29
       2786     29.604     8.1510     8.1211   3.355078   3.350380     0.8267     0.8637     0.0101  0.0878428     29.325    32.0028    31.9804     0.6444     0.7918 -9.990e-29
       2787     29.613     8.1397     8.1120   3.353974   3.349587     0.8248     0.8618     0.0102  0.0878422     29.334    32.0014    31.9803     0.6409     0.7901 -9.990e-29
       2788     29.622     8.1286     8.1031   3.352876   3.348817     0.8230     0.8599     0.0102  0.0878436     29.343    31.9999    31.9802     0.6377     0.7884 -9.990e-29
       2789     29.630     8.1178     8.0945   3.351792   3.348071     0.8211     0.8581     0.0102  0.0878455     29.351    31.9983    31.9802     0.6343     0.7870 -9.990e-29
       2790     29.639     8.1073     8.0861   3.350729   3.347351     0.8193     0.8563     0.0101  0.0878469     29.360    31.9966    31.9802     0.6312     0.7855 -9.990e-29
       2791     29.648     8.0972     8.0780   3.349693   3.346658     0.8175     0.8545     0.0101  0.0878479     29.369    31.9949    31.9802     0.6282     0.7840 -9.990e-29
       2792     29.656     8.0875     8.0703   3.348691   3.345990     0.8157     0.8527     0.0101  0.0878485     29.377    31.9931    31.9802     0.6252     0.7825 -9.990e-29
       2793     29.665     8.0783     8.0629   3.347727   3.345350     0.8139     0.8509     0.0102  0.0878495     29.386    31.9913    31.9802     0.6222     0.7809 -9.990e-29
       2794     29.674     8.0697     8.0559   3.346804   3.344739     0.8121     0.8492     0.0101  0.0878518     29.394    31.9894    31.9801     0.6192     0.7795 -9.990e-29
       2795     29.682     8.0617     8.0492   3.345924   3.344157     0.8104     0.8475     0.0101  0.0878545     29.402    31.9873    31.9800     0.6165     0.7780 -9.990e-29
       2796     29.691     8.0543     8.0428   3.345087   3.343604     0.8086     0.8458     0.0102  0.0878569     29.411    31.9852    31.9800     0.6135     0.7765 -9.990e-29
       2797     29.700     8.0475     8.0367   3.344293   3.343080     0.8069     0.8441     0.0101  0.0878589     29.420    31.9830    31.9800     0.6109     0.7749 -9.990e-29
       2798     29.709     8.0411     8.0310   3.343542   3.342583     0.8052     0.8424     0.0101  0.0878606     29.429    31.9809    31.9799     0.6082     0.7732 -9.990e-29
       2799     29.717     8.0351     8.0256   3.342835   3.342112     0.8035     0.8408     0.0101  0.0878628     29.437    31.9788    31.9799     0.6055     0.7718 -9.990e-29
       2800     29.726     8.0295     8.0206   3.342169   3.341668     0.8019     0.8392     0.0104  0.0878663     29.446    31.9769    31.9797     0.6032     0.7703 -9.990e-29
       2801     29.735     8.0241     8.0159   3.341544   3.341249     0.8002     0.8376     0.0106  0.0878705     29.455    31.9752    31.9795     0.6005     0.7687 -9.990e-29
       2802     29.744     8.0190     8.0115   3.340958   3.340854     0.7986     0.8360     0.0101  0.0878743     29.464    31.9736    31.9794     0.5981     0.7671 -9.990e-29
