data/2021/ctd_data_day1/Station 2ex 210921_ctm_fil_le_der.cnv
* Sea-Bird SBE 9 Data File:
* FileName = C:\Users\CTD-User\Desktop\MAR440\Station 2ex 210921.hex
* Software Version Seasave V 7.26.2.13
* Temperature SN = 6313
* Conductivity SN = 4758
* Number of Bytes Per Scan = 30
* Number of Voltage Words = 4
* Number of Scans Averaged by the Deck Unit = 1
* NMEA baud rate = 4800
** Ship:
** Station:
** Operator:
# nquan = 16                                
# nvalues = 3819                        
# units = specified
# name 0 = scan: Scan Count
# name 1 = prDM: Pressure, Digiquartz [db]
# name 2 = t090C: Temperature [ITS-90, deg C]
# name 3 = t190C: Temperature, 2 [ITS-90, deg C]
# name 4 = c0S/m: Conductivity [S/m]
# name 5 = c1S/m: Conductivity, 2 [S/m]
# name 6 = sbeox0V: Oxygen raw, SBE 43 [V]
# name 7 = sbeox1V: Oxygen raw, SBE 43, 2 [V]
# name 8 = flECO-AFL: Fluorescence, WET Labs ECO-AFL/FL [mg/m^3]
# name 9 = upoly0: Upoly 0, Turbidity
# name 10 = depSM: Depth [salt water, m], lat = 59
# name 11 = sal00: Salinity, Practical [PSU]
# name 12 = sal11: Salinity, Practical, 2 [PSU]
# name 13 = sbeox0ML/L: Oxygen, SBE 43 [ml/l], WS = 2
# name 14 = sbeox1ML/L: Oxygen, SBE 43, 2 [ml/l], WS = 2
# name 15 = flag: flag
# span 0 =          1,       3819       
# span 1 =      0.334,     23.962       
# span 2 =    13.0502,    16.1228       
# span 3 =    13.0462,    16.1243       
# span 4 =   2.856028,   3.797037       
# span 5 =   2.858521,   3.795947       
# span 6 =     0.9332,     2.9217       
# span 7 =     1.0319,     2.8775       
# span 8 =     0.0033,     0.0101       
# span 9 =  0.0875356,  0.2323405       
# span 10 =      0.331,     23.737      
# span 11 =    22.3023,    31.7843      
# span 12 =    22.4328,    31.7470      
# span 13 =     1.2220,     7.2422      
# span 14 =     1.3863,     6.2137      
# span 15 = 0.0000e+00, 0.0000e+00      
# interval = seconds: 0.0416667
# start_time = Sep 21 2021 11:43:06 [System UTC, header]
# bad_flag = -9.990e-29
*END*
[from data line 2441]
       2442     16.366    13.3949    13.3987   3.536115   3.536925     1.2382     1.2645     0.0040  0.0910443     16.212    29.4000    29.4046     1.9062     1.8612 0.0000e+00
       2443     16.389    13.3972    13.4010   3.536928   3.537741     1.2365     1.2632     0.0040  0.0910184     16.235    29.4057    29.4103     1.9046     1.8610 0.0000e+00
       2444     16.412    13.3994    13.4030   3.537700   3.538508     1.2349     1.2619     0.0040  0.0909937     16.258    29.4112    29.4158     1.9034     1.8607 0.0000e+00
       2445     16.435    13.4014    13.4048   3.538441   3.539238     1.2333     1.2606     0.0040  0.0909701     16.281    29.4165    29.4212     1.9021     1.8605 0.0000e+00
       2446     16.458    13.4033    13.4065   3.539158   3.539938     1.2317     1.2594     0.0040  0.0909474     16.303    29.4216    29.4263     1.9009     1.8605 0.0000e+00
       2447     16.480    13.4051    13.4080   3.539858   3.540618     1.2302     1.2582     0.0040  0.0909254     16.325    29.4267    29.4314     1.9000     1.8605 0.0000e+00
       2448     16.503    13.4069    13.4095   3.540549   3.541287     1.2286     1.2570     0.0040  0.0909041     16.348    29.4316    29.4364     1.8987     1.8605 0.0000e+00
       2449     16.526    13.4087    13.4110   3.541235   3.541949     1.2272     1.2559     0.0040  0.0908832     16.371    29.4366    29.4414     1.8980     1.8607 0.0000e+00
       2450     16.548    13.4106    13.4126   3.541922   3.542613     1.2257     1.2547     0.0040  0.0908626     16.393    29.4414    29.4463     1.8970     1.8606 0.0000e+00
       2451     16.571    13.4124    13.4142   3.542614   3.543282     1.2242     1.2537     0.0040  0.0908422     16.415    29.4464    29.4512     1.8960     1.8611 0.0000e+00
       2452     16.594    13.4143    13.4159   3.543313   3.543960     1.2228     1.2526     0.0040  0.0908218     16.438    29.4514    29.4561     1.8952     1.8612 0.0000e+00
       2453     16.617    13.4163    13.4177   3.544020   3.544651     1.2214     1.2516     0.0040  0.0908013     16.461    29.4564    29.4611     1.8945     1.8616 0.0000e+00
       2454     16.640    13.4182    13.4195   3.544735   3.545357     1.2201     1.2505     0.0040  0.0907805     16.484    29.4615    29.4662     1.8940     1.8617 0.0000e+00
       2455     16.663    13.4202    13.4215   3.545454   3.546077     1.2187     1.2496     0.0040  0.0907593     16.507    29.4666    29.4713     1.8932     1.8623 0.0000e+00
       2456     16.686    13.4221    13.4234   3.546174   3.546808     1.2174     1.2486     0.0040  0.0907376     16.529    29.4717    29.4766     1.8927     1.8626 0.0000e+00
       2457     16.709    13.4240    13.4254   3.546894   3.547548     1.2161     1.2477     0.0040  0.0907152     16.552    29.4769    29.4818     1.8922     1.8632 0.0000e+00
       2458     16.732    13.4259    13.4274   3.547613   3.548294     1.2149     1.2467     0.0040  0.0906919     16.575    29.4820    29.4872     1.8920     1.8634 0.0000e+00
       2459     16.755    13.4278    13.4293   3.548332   3.549044     1.2136     1.2459     0.0040  0.0906676     16.598    29.4872    29.4926     1.8915     1.8641 0.0000e+00
       2460     16.777    13.4296    13.4313   3.549050   3.549797     1.2124     1.2450     0.0040  0.0906429     16.619    29.4924    29.4980     1.8912     1.8645 0.0000e+00
       2461     16.800    13.4314    13.4333   3.549769   3.550552     1.2112     1.2442     0.0040  0.0906194     16.642    29.4977    29.5034     1.8910     1.8652 0.0000e+00
       2462     16.823    13.4332    13.4352   3.550492   3.551311     1.2100     1.2434     0.0040  0.0905978     16.665    29.5029    29.5089     1.8907     1.8658 0.0000e+00
       2463     16.846    13.4350    13.4372   3.551219   3.552074     1.2088     1.2426     0.0040  0.0905780     16.688    29.5082    29.5144     1.8904     1.8664 0.0000e+00
       2464     16.869    13.4369    13.4392   3.551955   3.552843     1.2077     1.2418     0.0040  0.0905597     16.711    29.5135    29.5199     1.8903     1.8670 0.0000e+00
       2465     16.892    13.4387    13.4411   3.552702   3.553616     1.2066     1.2411     0.0040  0.0905428     16.733    29.5190    29.5256     1.8903     1.8677 0.0000e+00
       2466     16.915    13.4406    13.4430   3.553463   3.554394     1.2055     1.2404     0.0040  0.0905273     16.756    29.5246    29.5313     1.8902     1.8684 0.0000e+00
       2467     16.938    13.4425    13.4450   3.554244   3.555180     1.2044     1.2397     0.0040  0.0905131     16.779    29.5303    29.5370     1.8901     1.8691 0.0000e+00
       2468     16.961    13.4444    13.4469   3.555047   3.555979     1.2034     1.2390     0.0040  0.0904999     16.802    29.5362    29.5429     1.8902     1.8698 0.0000e+00
       2469     16.984    13.4464    13.4489   3.555874   3.556796     1.2024     1.2384     0.0040  0.0904878     16.825    29.5423    29.5489     1.8903     1.8706 0.0000e+00
       2470     17.006    13.4484    13.4509   3.556723   3.557636     1.2014     1.2377     0.0040  0.0904767     16.846    29.5486    29.5550     1.8904     1.8711 0.0000e+00
       2471     17.029    13.4503    13.4529   3.557590   3.558497     1.2004     1.2371     0.0040  0.0904664     16.869    29.5551    29.5614     1.8904     1.8719 0.0000e+00
       2472     17.052    13.4523    13.4549   3.558471   3.559378     1.1994     1.2365     0.0040  0.0904570     16.892    29.5616    29.5680     1.8903     1.8726 0.0000e+00
       2473     17.075    13.4541    13.4568   3.559363   3.560273     1.1985     1.2360     0.0040  0.0904482     16.915    29.5685    29.5748     1.8906     1.8735 0.0000e+00
       2474     17.098    13.4559    13.4587   3.560264   3.561180     1.1976     1.2354     0.0040  0.0904402     16.937    29.5754    29.5816     1.8908     1.8741 0.0000e+00
       2475     17.120    13.4575    13.4605   3.561171   3.562094     1.1967     1.2349     0.0040  0.0904328     16.959    29.5825    29.5887     1.8909     1.8749 0.0000e+00
       2476     17.143    13.4590    13.4621   3.562079   3.563006     1.1959     1.2344     0.0040  0.0904260     16.982    29.5897    29.5958     1.8913     1.8757 0.0000e+00
       2477     17.166    13.4603    13.4635   3.562984   3.563910     1.1950     1.2340     0.0040  0.0904196     17.005    29.5970    29.6031     1.8913     1.8767 0.0000e+00
       2478     17.189    13.4613    13.4646   3.563881   3.564801     1.1942     1.2335     0.0040  0.0904138     17.028    29.6045    29.6104     1.8916     1.8774 0.0000e+00
       2479     17.212    13.4621    13.4655   3.564767   3.565678     1.1934     1.2331     0.0040  0.0904084     17.050    29.6120    29.6178     1.8919     1.8782 0.0000e+00
       2480     17.235    13.4626    13.4662   3.565642   3.566540     1.1926     1.2327     0.0040  0.0904034     17.073    29.6197    29.6252     1.8921     1.8791 0.0000e+00
       2481     17.257    13.4628    13.4665   3.566508   3.567389     1.1919     1.2323     0.0040  0.0903988     17.095    29.6275    29.6328     1.8926     1.8799 0.0000e+00
       2482     17.280    13.4627    13.4665   3.567367   3.568226     1.1912     1.2319     0.0040  0.0903945     17.118    29.6355    29.6405     1.8930     1.8807 0.0000e+00
       2483     17.303    13.4622    13.4662   3.568220   3.569054     1.1904     1.2315     0.0040  0.0903906     17.141    29.6438    29.6484     1.8931     1.8814 0.0000e+00
       2484     17.326    13.4614    13.4656   3.569072   3.569876     1.1897     1.2312     0.0040  0.0903869     17.163    29.6522    29.6564     1.8935     1.8824 0.0000e+00
       2485     17.349    13.4603    13.4646   3.569925   3.570696     1.1891     1.2309     0.0040  0.0903834     17.186    29.6609    29.6647     1.8941     1.8832 0.0000e+00
       2486     17.371    13.4588    13.4633   3.570783   3.571518     1.1884     1.2305     0.0040  0.0903802     17.208    29.6700    29.6733     1.8943     1.8838 0.0000e+00
       2487     17.394    13.4569    13.4616   3.571650   3.572348     1.1878     1.2302     0.0040  0.0903772     17.231    29.6795    29.6823     1.8948     1.8847 0.0000e+00
       2488     17.417    13.4547    13.4596   3.572524   3.573186     1.1871     1.2300     0.0040  0.0903744     17.253    29.6892    29.6915     1.8949     1.8856 0.0000e+00
       2489     17.440    13.4522    13.4572   3.573402   3.574029     1.1865     1.2297     0.0040  0.0903718     17.276    29.6993    29.7012     1.8953     1.8863 0.0000e+00
       2490     17.463    13.4494    13.4545   3.574276   3.574873     1.1859     1.2294     0.0040  0.0903693     17.299    29.7095    29.7111     1.8956     1.8870 0.0000e+00
       2491     17.486    13.4466    13.4516   3.575137   3.575712     1.1854     1.2292     0.0040  0.0903669     17.322    29.7196    29.7210     1.8962     1.8879 0.0000e+00
       2492     17.509    13.4437    13.4485   3.575980   3.576540     1.1848     1.2289     0.0040  0.0903646     17.345    29.7297    29.7311     1.8964     1.8884 0.0000e+00
       2493     17.531    13.4409    13.4454   3.576801   3.577351     1.1842     1.2287     0.0040  0.0903625     17.366    29.7394    29.7410     1.8966     1.8892 0.0000e+00
       2494     17.554    13.4382    13.4424   3.577602   3.578143     1.1837     1.2284     0.0040  0.0903604     17.389    29.7489    29.7506     1.8970     1.8896 0.0000e+00
       2495     17.577    13.4358    13.4395   3.578386   3.578914     1.1831     1.2282     0.0040  0.0903584     17.412    29.7580    29.7600     1.8970     1.8903 0.0000e+00
       2496     17.600    13.4335    13.4368   3.579154   3.579666     1.1826     1.2280     0.0040  0.0903565     17.435    29.7669    29.7690     1.8972     1.8909 0.0000e+00
       2497     17.622    13.4316    13.4344   3.579912   3.580404     1.1821     1.2278     0.0040  0.0903546     17.457    29.7753    29.7777     1.8974     1.8914 0.0000e+00
       2498     17.645    13.4299    13.4323   3.580663   3.581130     1.1816     1.2277     0.0040  0.0903527     17.479    29.7836    29.7860     1.8974     1.8921 0.0000e+00
       2499     17.668    13.4285    13.4304   3.581409   3.581848     1.1811     1.2275     0.0040  0.0903508     17.502    29.7916    29.7941     1.8975     1.8925 0.0000e+00
       2500     17.690    13.4274    13.4289   3.582157   3.582563     1.1806     1.2273     0.0040  0.0903490     17.524    29.7993    29.8019     1.8974     1.8929 0.0000e+00
       2501     17.713    13.4266    13.4277   3.582910   3.583279     1.1801     1.2271     0.0040  0.0903471     17.547    29.8069    29.8094     1.8973     1.8932 0.0000e+00
       2502     17.736    13.4261    13.4268   3.583671   3.584000     1.1796     1.2270     0.0040  0.0903452     17.569    29.8143    29.8168     1.8971     1.8937 0.0000e+00
       2503     17.758    13.4259    13.4262   3.584445   3.584729     1.1792     1.2268     0.0040  0.0903433     17.591    29.8216    29.8240     1.8972     1.8939 0.0000e+00
       2504     17.781    13.4261    13.4259   3.585236   3.585471     1.1787     1.2267     0.0040  0.0903413     17.614    29.8287    29.8311     1.8969     1.8943 0.0000e+00
       2505     17.803    13.4265    13.4260   3.586048   3.586230     1.1783     1.2265     0.0040  0.0903393     17.636    29.8359    29.8380     1.8969     1.8945 0.0000e+00
       2506     17.826    13.4273    13.4264   3.586887   3.587011     1.1779     1.2264     0.0040  0.0903372     17.659    29.8430    29.8449     1.8968     1.8948 0.0000e+00
       2507     17.848    13.4284    13.4272   3.587756   3.587819     1.1774     1.2263     0.0040  0.0903350     17.680    29.8502    29.8517     1.8964     1.8952 0.0000e+00
       2508     17.871    13.4299    13.4282   3.588657   3.588657     1.1770     1.2261     0.0040  0.0903327     17.703    29.8573    29.8587     1.8962     1.8952 0.0000e+00
       2509     17.893    13.4316    13.4296   3.589591   3.589527     1.1766     1.2260     0.0040  0.0903303     17.725    29.8646    29.8656     1.8960     1.8954 0.0000e+00
       2510     17.916    13.4336    13.4313   3.590559   3.590430     1.1762     1.2259     0.0040  0.0903277     17.748    29.8720    29.8726     1.8957     1.8957 0.0000e+00
       2511     17.938    13.4358    13.4332   3.591558   3.591368     1.1758     1.2258     0.0044  0.0903249     17.770    29.8795    29.8798     1.8954     1.8958 0.0000e+00
       2512     17.961    13.4382    13.4355   3.592576   3.592338     1.1754     1.2256     0.0044  0.0903220     17.792    29.8870    29.8869     1.8951     1.8957 0.0000e+00
       2513     17.983    13.4408    13.4379   3.593601   3.593335     1.1750     1.2255     0.0044  0.0903189     17.814    29.8944    29.8942     1.8948     1.8959 0.0000e+00
       2514     18.005    13.4434    13.4404   3.594623   3.594348     1.1747     1.2254     0.0044  0.0903156     17.836    29.9018    29.9016     1.8947     1.8960 0.0000e+00
       2515     18.028    13.4461    13.4431   3.595633   3.595365     1.1743     1.2253     0.0044  0.0903120     17.859    29.9090    29.9089     1.8944     1.8961 0.0000e+00
       2516     18.050    13.4488    13.4458   3.596624   3.596377     1.1739     1.2252     0.0044  0.0903082     17.880    29.9161    29.9161     1.8940     1.8963 0.0000e+00
       2517     18.072    13.4514    13.4485   3.597594   3.597374     1.1735     1.2251     0.0044  0.0903041     17.902    29.9230    29.9232     1.8937     1.8964 0.0000e+00
       2518     18.095    13.4540    13.4511   3.598539   3.598349     1.1732     1.2250     0.0044  0.0902996     17.925    29.9297    29.9302     1.8936     1.8965 0.0000e+00
       2519     18.117    13.4565    13.4537   3.599454   3.599299     1.1728     1.2249     0.0044  0.0902948     17.947    29.9361    29.9369     1.8933     1.8966 0.0000e+00
       2520     18.139    13.4590    13.4563   3.600337   3.600218     1.1724     1.2248     0.0044  0.0902896     17.969    29.9423    29.9433     1.8929     1.8967 0.0000e+00
       2521     18.161    13.4613    13.4587   3.601189   3.601105     1.1721     1.2247     0.0044  0.0902840     17.990    29.9484    29.9496     1.8929     1.8968 0.0000e+00
       2522     18.183    13.4636    13.4611   3.602011   3.601961     1.1717     1.2246     0.0044  0.0902779     18.012    29.9542    29.9557     1.8926     1.8969 0.0000e+00
       2523     18.205    13.4657    13.4633   3.602804   3.602786     1.1714     1.2245     0.0044  0.0902713     18.034    29.9598    29.9615     1.8925     1.8970 0.0000e+00
       2524     18.228    13.4678    13.4655   3.603571   3.603582     1.1710     1.2245     0.0044  0.0902642     18.057    29.9653    29.9672     1.8922     1.8974 0.0000e+00
       2525     18.250    13.4699    13.4676   3.604315   3.604350     1.1707     1.2244     0.0044  0.0902565     18.079    29.9705    29.9726     1.8922     1.8976 0.0000e+00
       2526     18.272    13.4719    13.4696   3.605038   3.605092     1.1704     1.2243     0.0044  0.0902481     18.100    29.9756    29.9779     1.8921     1.8978 0.0000e+00
       2527     18.293    13.4738    13.4716   3.605742   3.605813     1.1701     1.2243     0.0044  0.0902390     18.121    29.9806    29.9830     1.8921     1.8982 0.0000e+00
       2528     18.315    13.4756    13.4735   3.606429   3.606514     1.1698     1.2242     0.0044  0.0902291     18.143    29.9855    29.9879     1.8921     1.8984 0.0000e+00
       2529     18.337    13.4774    13.4753   3.607101   3.607202     1.1695     1.2242     0.0044  0.0902184     18.165    29.9903    29.9929     1.8921     1.8989 0.0000e+00
       2530     18.359    13.4791    13.4771   3.607760   3.607877     1.1692     1.2241     0.0044  0.0902068     18.187    29.9950    29.9977     1.8921     1.8991 0.0000e+00
       2531     18.381    13.4808    13.4789   3.608409   3.608545     1.1689     1.2241     0.0044  0.0901942     18.208    29.9997    30.0024     1.8921     1.8996 0.0000e+00
