data/2021/ctd_data_day1/Station 6 210921_ctm_fil_le_der_avg.cnv
* Sea-Bird SBE 9 Data File:
* FileName = C:\Users\CTD-User\Desktop\MAR440\Station 6 210921.hex
* Software Version Seasave V 7.26.2.13
* Temperature SN = 6313
* Conductivity SN = 4758
* Number of Bytes Per Scan = 30
* Number of Voltage Words = 4
* Number of Scans Averaged by the Deck Unit = 1
* NMEA baud rate = 4800
** Ship:
** Station:
** Operator:
# nquan = 16
# nvalues = 32                          
# units = specified
# name 0 = scan: Scan Count
# name 1 = prDM: Pressure, Digiquartz [db]
# name 2 = t090C: Temperature [ITS-90, deg C]
# name 3 = t190C: Temperature, 2 [ITS-90, deg C]
# name 4 = c0S/m: Conductivity [S/m]
# name 5 = c1S/m: Conductivity, 2 [S/m]
# name 6 = sbeox0V: Oxygen raw, SBE 43 [V]
# name 7 = sbeox1V: Oxygen raw, SBE 43, 2 [V]
# name 8 = flECO-AFL: Fluorescence, WET Labs ECO-AFL/FL [mg/m^3]
# name 9 = upoly0: Upoly 0, Turbidity
# name 10 = depSM: Depth [salt water, m], lat = 59
# name 11 = sal00: Salinity, Practical [PSU]
# name 12 = sal11: Salinity, Practical, 2 [PSU]
# name 13 = sbeox0ML/L: Oxygen, SBE 43 [ml/l], WS = 2
# name 14 = sbeox1ML/L: Oxygen, SBE 43, 2 [ml/l], WS = 2
# name 15 = flag: flag
# span 0 =        125,       3377       
# span 1 =      2.019,     33.314       
# span 2 =     6.8414,    15.3844       
# span 3 =     6.8153,    15.5110       
# span 4 =   2.889624,   3.721465       
# span 5 =   2.893350,   3.723390       
# span 6 =     0.6718,     2.3877       
# span 7 =     0.7046,     2.2500       
# span 8 =     0.0036,     0.0087       
# span 9 =  0.0863088,  0.1614867       
# span 10 =      2.000,     33.000      
# span 11 =    22.5749,    32.1185      
# span 12 =    22.5042,    32.1465      
# span 13 =     0.3119,     5.4669      
# span 14 =     0.5244,     4.4798      
# span 15 = 0.0000e+00, 0.0000e+00      
# interval = meters: 1                  
# start_time = Sep 21 2021 10:55:39 [System UTC, header]
# bad_flag = -9.990e-29
*END*
        125      2.019    14.9434    14.9478   2.906015   2.905668     2.3877     2.1149     0.0042  0.1561470      2.000    22.7429    22.7374     5.4669     4.1676 0.0000e+00
        173      3.028    14.9438    14.9493   2.896715   2.903459     2.3477     2.1155     0.0057  0.1614867      3.000    22.6623    22.7172     5.3623     4.2230 0.0000e+00
        220      4.038    14.8990    14.9145   2.891573   2.895654     2.3099     2.1244     0.0047  0.1580097      4.000    22.6435    22.6698     5.2669     4.2602 0.0000e+00
        267      5.047    14.8153    14.8307   2.889939   2.893350     2.2785     2.1398     0.0047  0.1586384      5.000    22.6776    22.6982     5.2124     4.3529 0.0000e+00
        315      6.057    14.7107    14.7945   2.889624   2.893886     2.2648     2.1807     0.0046  0.1588008      6.000    22.7354    22.7235     5.2521     4.4798 0.0000e+00
        363      7.066    14.6706    14.7771   2.889801   2.894484     2.2727     2.2056     0.0047  0.1586688      7.000    22.7600    22.7385     5.3093     4.4786 0.0000e+00
        409      8.076    14.8037    14.9173   2.890741   2.895233     2.2786     2.2008     0.0046  0.1551978      8.000    22.6904    22.6634     5.2877     4.3986 0.0000e+00
        456      9.085    15.0216    15.2131   2.891951   2.896497     2.2721     2.1732     0.0044  0.1368777      9.000    22.5749    22.5042     5.2171     4.2636 0.0000e+00
        914     10.095    15.3351    15.5110   3.003837   3.009079     2.3188     2.2042     0.0039  0.1074426     10.000    23.3522    23.2974     5.1259     4.1773 0.0000e+00
       2379     11.104    15.3844    15.3752   3.426676   3.430079     2.3300     2.2500     0.0038  0.1019645     11.000    26.9755    27.0112     4.4301     3.7756 0.0000e+00
       2414     12.114    15.1062    15.1045   3.459757   3.461712     2.0523     1.9831     0.0037  0.0982522     12.000    27.4570    27.4754     3.6820     3.1891 0.0000e+00
       2459     13.123    14.7574    14.7438   3.507719   3.508489     1.8163     1.7761     0.0037  0.0944847     13.000    28.1296    28.1462     3.1942     2.8543 0.0000e+00
       2505     14.133    13.8363    13.8276   3.492711   3.493887     1.6405     1.6246     0.0036  0.0937741     14.000    28.6691    28.6863     2.8052     2.5476 0.0000e+00
       2551     15.142    13.5652    13.5638   3.514250   3.515802     1.4733     1.4724     0.0037  0.0929606     15.000    29.0693    29.0846     2.3567     2.1950 0.0000e+00
       2597     16.152    13.3110    13.3065   3.535172   3.536977     1.3398     1.3532     0.0037  0.0923900     16.000    29.4561    29.4763     2.0945     1.9930 0.0000e+00
       2641     17.161    13.4408    13.4341   3.588663   3.590384     1.2513     1.2770     0.0038  0.0916886     17.000    29.8491    29.8701     1.9579     1.8985 0.0000e+00
       2686     18.171    13.6081    13.6013   3.643651   3.645720     1.2050     1.2453     0.0038  0.0910574     18.000    30.2245    30.2489     1.9579     1.9357 0.0000e+00
       2733     19.180    13.6769    13.6697   3.689734   3.691489     1.2084     1.2688     0.0036  0.0897334     19.000    30.5943    30.6162     2.1053     2.1006 0.0000e+00
       2780     20.190    13.4361    13.4292   3.698067   3.698800     1.2394     1.3092     0.0036  0.0885558     20.000    30.8646    30.8770     2.2053     2.1776 0.0000e+00
       2826     21.199    12.8139    12.8097   3.670118   3.671174     1.2535     1.3250     0.0037  0.0881237     21.000    31.1106    31.1240     2.2153     2.1898 0.0000e+00
       2871     22.209    12.7739    12.7664   3.721465   3.723390     1.2526     1.3239     0.0042  0.0874664     22.000    31.6277    31.6522     2.1680     2.1485 0.0000e+00
       2915     23.218    12.4269    12.4238   3.715996   3.716472     1.2448     1.3175     0.0038  0.0866694     23.000    31.8679    31.8751     2.1818     2.1826 0.0000e+00
       2962     24.228    11.9464    11.9445   3.680875   3.681989     1.2630     1.3444     0.0037  0.0864423     24.000    31.9403    31.9526     2.3377     2.3267 0.0000e+00
       3009     25.237    11.2092    11.2174   3.623157   3.623357     1.2706     1.3466     0.0039  0.0863088     25.000    32.0137    32.0085     2.2472     2.2044 0.0000e+00
       3055     26.247     9.7343     9.7477   3.494448   3.494121     1.2206     1.2785     0.0044  0.0868178     26.000    32.0227    32.0075     1.9104     1.8620 0.0000e+00
       3101     27.257     8.3829     8.3821   3.372683   3.373020     1.1153     1.1516     0.0046  0.0868187     27.000    31.9781    31.9824     1.4150     1.3966 0.0000e+00
       3145     28.266     7.5046     7.4980   3.298086   3.298722     0.9927     1.0160     0.0042  0.0866995     28.000    31.9882    32.0011     1.0386     1.0923 0.0000e+00
       3190     29.276     7.1964     7.1789   3.272327   3.273343     0.8970     0.9212     0.0044  0.0863147     29.000    31.9945    32.0218     0.9438     1.0396 0.0000e+00
       3236     30.285     7.0425     7.0256   3.264027   3.265029     0.8402     0.8688     0.0055  0.0866546     30.000    32.0468    32.0735     0.8583     0.9619 0.0000e+00
       3284     31.295     6.8881     6.8673   3.255366   3.256375     0.7859     0.8139     0.0070  0.0871407     31.000    32.0958    32.1263     0.6474     0.7738 0.0000e+00
       3330     32.304     6.8621     6.8447   3.255261   3.256336     0.7276     0.7561     0.0079  0.0870384     32.000    32.1185    32.1465     0.4413     0.6100 0.0000e+00
       3377     33.314     6.8414     6.8153   3.253285   3.253753     0.6718     0.7046     0.0087  0.0868038     33.000    32.1158    32.1453     0.3119     0.5244 0.0000e+00
