data/2021/ctd_data_day1/Station 1 ex 210921_ctm_fil_le.cnv
* Sea-Bird SBE 9 Data File:
* FileName = C:\Users\CTD-User\Desktop\MAR440\Station 1 ex 210921.hex
* Software Version Seasave V 7.26.2.13
* Temperature SN = 6313
* Conductivity SN = 4758
* Number of Bytes Per Scan = 30
* Number of Voltage Words = 4
* Number of Scans Averaged by the Deck Unit = 1
* NMEA baud rate = 4800
** Ship:
** Station:
** Operator:
# nquan = 11
# nvalues = 3592                        
# units = specified
# name 0 = scan: Scan Count
# name 1 = prDM: Pressure, Digiquartz [db]
# name 2 = t090C: Temperature [ITS-90, deg C]
# name 3 = t190C: Temperature, 2 [ITS-90, deg C]
# name 4 = c0S/m: Conductivity [S/m]
# name 5 = c1S/m: Conductivity, 2 [S/m]
# name 6 = sbeox0V: Oxygen raw, SBE 43 [V]
# name 7 = sbeox1V: Oxygen raw, SBE 43, 2 [V]
# name 8 = flECO-AFL: Fluorescence, WET Labs ECO-AFL/FL [mg/m^3]
# name 9 = upoly0: Upoly 0, Turbidity
# name 10 = flag:  0.000e+00
# span 0 =          1,       3592       
# span 1 =      0.209,     30.533       
# span 2 =     7.9664,    16.1288       
# span 3 =     7.9555,    16.1351       
# span 4 =   2.884986,   3.768774       
# span 5 =   2.872738,   3.769854       
# span 6 =     0.6778,     2.8827       
# span 7 =     0.7295,     2.7937       
# span 8 =     0.0035,     0.1207       
# span 9 =  0.0866592,  0.1704992       
# span 10 = 0.0000e+00, 0.0000e+00      
# interval = seconds: 0.0416667
# start_time = Sep 21 2021 11:23:14 [System UTC, header]
# bad_flag = -9.990e-29
*END*
[from data line 2492]
       2493     26.569    11.7168    11.6886   3.669281   3.668849     1.3171     1.4065     0.0051  0.0875858 0.0000e+00
       2494     26.591    11.6878    11.6590   3.666669   3.666201     1.3161     1.4050     0.0055  0.0875768 0.0000e+00
       2495     26.613    11.6582    11.6287   3.663999   3.663492     1.3151     1.4035     0.0053  0.0875681 0.0000e+00
       2496     26.636    11.6280    11.5978   3.661270   3.660725     1.3140     1.4018     0.0055  0.0875604 0.0000e+00
       2497     26.658    11.5971    11.5663   3.658482   3.657902     1.3129     1.4001     0.0055  0.0875537 0.0000e+00
       2498     26.680    11.5657    11.5343   3.655636   3.655025     1.3118     1.3983     0.0053  0.0875479 0.0000e+00
       2499     26.703    11.5336    11.5017   3.652732   3.652094     1.3106     1.3965     0.0055  0.0875431 0.0000e+00
       2500     26.725    11.5009    11.4687   3.649772   3.649113     1.3093     1.3945     0.0055  0.0875390 0.0000e+00
       2501     26.748    11.4676    11.4351   3.646760   3.646082     1.3080     1.3925     0.0053  0.0875358 0.0000e+00
       2502     26.770    11.4338    11.4010   3.643700   3.643003     1.3066     1.3904     0.0053  0.0875334 0.0000e+00
       2503     26.792    11.3995    11.3665   3.640595   3.639880     1.3051     1.3882     0.0055  0.0875318 0.0000e+00
       2504     26.815    11.3647    11.3315   3.637448   3.636716     1.3036     1.3859     0.0053  0.0875310 0.0000e+00
       2505     26.837    11.3295    11.2962   3.634263   3.633515     1.3020     1.3836     0.0053  0.0875310 0.0000e+00
       2506     26.859    11.2939    11.2605   3.631042   3.630278     1.3004     1.3812     0.0053  0.0875325 0.0000e+00
       2507     26.881    11.2580    11.2246   3.627789   3.627012     1.2987     1.3786     0.0055  0.0875366 0.0000e+00
       2508     26.903    11.2218    11.1884   3.624508   3.623721     1.2969     1.3760     0.0053  0.0875431 0.0000e+00
       2509     26.925    11.1854    11.1521   3.621205   3.620410     1.2950     1.3734     0.0053  0.0875522 0.0000e+00
       2510     26.948    11.1489    11.1158   3.617885   3.617086     1.2931     1.3706     0.0055  0.0875631 0.0000e+00
       2511     26.970    11.1124    11.0795   3.614557   3.613755     1.2911     1.3678     0.0055  0.0875750 0.0000e+00
       2512     26.992    11.0759    11.0433   3.611229   3.610422     1.2891     1.3649     0.0055  0.0875880 0.0000e+00
       2513     27.014    11.0397    11.0073   3.607910   3.607096     1.2870     1.3619     0.0055  0.0876021 0.0000e+00
       2514     27.036    11.0038    10.9717   3.604609   3.603789     1.2848     1.3589     0.0053  0.0876175 0.0000e+00
       2515     27.057    10.9682    10.9365   3.601337   3.600513     1.2826     1.3558     0.0055  0.0876343 0.0000e+00
       2516     27.079    10.9332    10.9020   3.598105   3.597283     1.2803     1.3527     0.0053  0.0876525 0.0000e+00
       2517     27.101    10.8987    10.8682   3.594927   3.594110     1.2780     1.3495     0.0053  0.0876724 0.0000e+00
       2518     27.123    10.8650    10.8353   3.591813   3.591008     1.2756     1.3463     0.0053  0.0876940 0.0000e+00
       2519     27.144    10.8321    10.8034   3.588773   3.587984     1.2731     1.3430     0.0057  0.0877176 0.0000e+00
       2520     27.165    10.8000    10.7725   3.585815   3.585042     1.2706     1.3396     0.0071  0.0877423 0.0000e+00
       2521     27.187    10.7687    10.7426   3.582944   3.582186     1.2681     1.3363     0.0077  0.0877668 0.0000e+00
       2522     27.208    10.7383    10.7137   3.580160   3.579416     1.2655     1.3329     0.0077  0.0877902 0.0000e+00
       2523     27.229    10.7088    10.6859   3.577463   3.576731     1.2629     1.3295     0.0077  0.0878129 0.0000e+00
       2524     27.249    10.6801    10.6592   3.574852   3.574136     1.2602     1.3261     0.0077  0.0878349 0.0000e+00
       2525     27.270    10.6524    10.6336   3.572329   3.571634     1.2575     1.3226     0.0071  0.0878563 0.0000e+00
       2526     27.291    10.6257    10.6092   3.569899   3.569229     1.2548     1.3192     0.0077  0.0878774 0.0000e+00
       2527     27.311    10.6002    10.5860   3.567569   3.566923     1.2520     1.3157     0.0071  0.0878983 0.0000e+00
       2528     27.331    10.5758    10.5641   3.565343   3.564718     1.2492     1.3123     0.0077  0.0879191 0.0000e+00
       2529     27.351    10.5526    10.5434   3.563226   3.562618     1.2464     1.3088     0.0077  0.0879400 0.0000e+00
       2530     27.371    10.5306    10.5242   3.561219   3.560627     1.2435     1.3053     0.0075  0.0879611 0.0000e+00
       2531     27.390    10.5099    10.5063   3.559327   3.558751     1.2407     1.3018     0.0077  0.0879826 0.0000e+00
       2532     27.409    10.4905    10.4899   3.557552   3.556994     1.2378     1.2983     0.0071  0.0880046 0.0000e+00
       2533     27.428    10.4724    10.4750   3.555901   3.555363     1.2349     1.2948     0.0077  0.0880273 0.0000e+00
       2534     27.447    10.4558    10.4618   3.554379   3.553863     1.2319     1.2913     0.0071  0.0880508 0.0000e+00
       2535     27.465    10.4406    10.4502   3.552991   3.552501     1.2290     1.2879     0.0077  0.0880753 0.0000e+00
       2536     27.483    10.4270    10.4404   3.551745   3.551282     1.2260     1.2844     0.0071  0.0881009 0.0000e+00
       2537     27.501    10.4149    10.4325   3.550646   3.550210     1.2231     1.2809     0.0071  0.0881279 0.0000e+00
       2538     27.518    10.4045    10.4264   3.549701   3.549290     1.2201     1.2775     0.0071  0.0881564 0.0000e+00
       2539     27.535    10.3957    10.4223   3.548913   3.548526     1.2171     1.2740     0.0071  0.0881867 0.0000e+00
       2540     27.551    10.3887    10.4202   3.548287   3.547921     1.2141     1.2706     0.0077  0.0882188 0.0000e+00
       2541     27.568    10.3834    10.4201   3.547823   3.547477     1.2112     1.2671     0.0077  0.0882523 0.0000e+00
       2542     27.584    10.3798    10.4222   3.547522   3.547196     1.2082     1.2637     0.0077  0.0882865 0.0000e+00
       2543     27.599    10.3781    10.4265   3.547385   3.547079     1.2052     1.2602     0.0071  0.0883224 0.0000e+00
       2544     27.614    10.3783    10.4330   3.547411   3.547124     1.2021     1.2567     0.0071  0.0883613 0.0000e+00
       2545     27.629    10.3805    10.4419   3.547593   3.547329     1.1991     1.2533     0.0090  0.0884016 0.0000e+00
       2546     27.643    10.3846    10.4532   3.547920   3.547692     1.1961     1.2498     0.0099  0.0884402 0.0000e+00
       2547     27.657    10.3907    10.4670   3.548366   3.548212     1.1931     1.2464     0.0101  0.0884757 0.0000e+00
       2548     27.670    10.3986    10.4834   3.548895   3.548888     1.1900     1.2429     0.0101  0.0885084 0.0000e+00
       2549     27.683    10.4084    10.5020   3.549470   3.549711     1.1870     1.2394     0.0101  0.0885385 0.0000e+00
       2550     27.696    10.4195    10.5224   3.550074   3.550665     1.1840     1.2359     0.0101  0.0885661 0.0000e+00
       2551     27.708    10.4316    10.5441   3.550699   3.551740     1.1809     1.2324     0.0101  0.0885915 0.0000e+00
       2552     27.720    10.4445    10.5668   3.551343   3.552933     1.1778     1.2289     0.0101  0.0886149 0.0000e+00
       2553     27.732    10.4577    10.5907   3.552006   3.554253     1.1748     1.2254     0.0101  0.0886364 0.0000e+00
       2554     27.743    10.4712    10.6160   3.552697   3.555706     1.1717     1.2219     0.0101  0.0886562 0.0000e+00
       2555     27.755    10.4852    10.6430   3.553438   3.557301     1.1686     1.2183     0.0101  0.0886744 0.0000e+00
       2556     27.766    10.5003    10.6723   3.554247   3.559046     1.1655     1.2148     0.0101  0.0886911 -9.990e-29
       2557     27.776    10.5165    10.7042   3.555119   3.560943     1.1623     1.2112     0.0101  0.0887064 -9.990e-29
       2558     27.787    10.5336    10.7383   3.556024   3.562979     1.1592     1.2076     0.0101  0.0887205 -9.990e-29
       2559     27.797    10.5508    10.7733   3.556931   3.565109     1.1560     1.2040     0.0101  0.0887335 -9.990e-29
       2560     27.807    10.5680    10.8084   3.557823   3.567270     1.1528     1.2003     0.0101  0.0887454 -9.990e-29
       2561     27.817    10.5846    10.8426   3.558683   3.569404     1.1496     1.1967     0.0101  0.0887564 -9.990e-29
       2562     27.826    10.5996    10.8754   3.559483   3.571472     1.1464     1.1930     0.0101  0.0887664 -9.990e-29
       2563     27.835    10.6126    10.9063   3.560202   3.573461     1.1432     1.1894     0.0101  0.0887757 -9.990e-29
       2564     27.845    10.6236    10.9355   3.560839   3.575367     1.1400     1.1857     0.0101  0.0887841 -9.990e-29
       2565     27.853    10.6332    10.9630   3.561424   3.577196     1.1368     1.1820     0.0101  0.0887919 -9.990e-29
       2566     27.862    10.6428    10.9890   3.562004   3.578963     1.1335     1.1783     0.0101  0.0887990 -9.990e-29
       2567     27.871    10.6535    11.0140   3.562634   3.580702     1.1303     1.1746     0.0101  0.0888055 -9.990e-29
       2568     27.880    10.6657    11.0390   3.563353   3.582459     1.1270     1.1708     0.0101  0.0888115 -9.990e-29
       2569     27.888    10.6798    11.0650   3.564184   3.584289     1.1237     1.1671     0.0101  0.0888169 -9.990e-29
       2570     27.897    10.6955    11.0928   3.565134   3.586231     1.1204     1.1634     0.0101  0.0888219 -9.990e-29
       2571     27.905    10.7130    11.1229   3.566202   3.588303     1.1172     1.1597     0.0113  0.0888264 -9.990e-29
       2572     27.913    10.7322    11.1553   3.567379   3.590491     1.1139     1.1559     0.0115  0.0888305 -9.990e-29
       2573     27.922    10.7528    11.1897   3.568646   3.592755     1.1106     1.1522     0.0115  0.0888342 -9.990e-29
       2574     27.930    10.7745    11.2249   3.569982   3.595039     1.1072     1.1485     0.0115  0.0888376 -9.990e-29
       2575     27.938    10.7965    11.2596   3.571374   3.597292     1.1039     1.1448     0.0115  0.0888407 -9.990e-29
       2576     27.946    10.8187    11.2924   3.572823   3.599474     1.1006     1.1412     0.0115  0.0888434 -9.990e-29
       2577     27.954    10.8412    11.3230   3.574338   3.601570     1.0972     1.1375     0.0115  0.0888459 -9.990e-29
       2578     27.962    10.8642    11.3522   3.575935   3.603588     1.0939     1.1339     0.0115  0.0888480 -9.990e-29
       2579     27.969    10.8881    11.3804   3.577627   3.605547     1.0906     1.1303     0.0115  0.0888500 -9.990e-29
       2580     27.977    10.9131    11.4081   3.579433   3.607468     1.0873     1.1267     0.0115  0.0888516 -9.990e-29
       2581     27.986    10.9394    11.4354   3.581373   3.609365     1.0839     1.1231     0.0115  0.0888531 -9.990e-29
       2582     27.994    10.9681    11.4622   3.583465   3.611249     1.0806     1.1196     0.0115  0.0888543 -9.990e-29
       2583     28.001    11.0000    11.4885   3.585721   3.613134     1.0773     1.1161     0.0115  0.0888553 -9.990e-29
       2584     28.009    11.0359    11.5141   3.588149   3.615027     1.0740     1.1127     0.0115  0.0888561 -9.990e-29
       2585     28.017    11.0758    11.5391   3.590742   3.616920     1.0708     1.1093     0.0115  0.0888567 -9.990e-29
       2586     28.026    11.1192    11.5629   3.593478   3.618783     1.0675     1.1059     0.0115  0.0888571 -9.990e-29
       2587     28.033    11.1644    11.5853   3.596311   3.620587     1.0643     1.1026     0.0115  0.0888573 -9.990e-29
       2588     28.041    11.2096    11.6062   3.599179   3.622304     1.0610     1.0993     0.0115  0.0888573 -9.990e-29
       2589     28.049    11.2535    11.6254   3.602014   3.623914     1.0578     1.0961     0.0115  0.0888571 -9.990e-29
       2590     28.057    11.2951    11.6427   3.604752   3.625411     1.0547     1.0930     0.0115  0.0888567 -9.990e-29
       2591     28.064    11.3336    11.6581   3.607337   3.626797     1.0515     1.0899     0.0115  0.0888561 -9.990e-29
       2592     28.072    11.3684    11.6716   3.609726   3.628078     1.0484     1.0869     0.0115  0.0888553 -9.990e-29
       2593     28.080    11.3988    11.6833   3.611890   3.629253     1.0453     1.0839     0.0115  0.0888544 -9.990e-29
       2594     28.088    11.4248    11.6936   3.613814   3.630324     1.0423     1.0810     0.0115  0.0888531 -9.990e-29
       2595     28.095    11.4465    11.7028   3.615491   3.631295     1.0393     1.0782     0.0115  0.0888517 -9.990e-29
       2596     28.103    11.4638    11.7110   3.616924   3.632181     1.0363     1.0755     0.0115  0.0888500 -9.990e-29
       2597     28.111    11.4771    11.7183   3.618123   3.632999     1.0334     1.0728     0.0115  0.0888481 -9.990e-29
       2598     28.119    11.4867    11.7248   3.619103   3.633767     1.0306     1.0703     0.0115  0.0888460 -9.990e-29
       2599     28.127    11.4929    11.7307   3.619880   3.634495     1.0277     1.0678     0.0115  0.0888435 -9.990e-29
       2600     28.134    11.4964    11.7363   3.620480   3.635192     1.0249     1.0654     0.0115  0.0888408 -9.990e-29
       2601     28.142    11.4983    11.7416   3.620940   3.635854     1.0222     1.0631     0.0115  0.0888378 -9.990e-29
       2602     28.150    11.4992    11.7461   3.621293   3.636466     1.0195     1.0608     0.0115  0.0888344 -9.990e-29
       2603     28.158    11.4994    11.7497   3.621558   3.637009     1.0168     1.0587     0.0115  0.0888307 -9.990e-29
       2604     28.166    11.4988    11.7524   3.621746   3.637473     1.0143     1.0567     0.0115  0.0888266 -9.990e-29
       2605     28.173    11.4976    11.7542   3.621870   3.637853     1.0117     1.0547     0.0115  0.0888221 -9.990e-29
       2606     28.181    11.4958    11.7551   3.621946   3.638146     1.0092     1.0529     0.0115  0.0888171 -9.990e-29
       2607     28.188    11.4937    11.7548   3.622001   3.638351     1.0068     1.0512     0.0115  0.0888117 -9.990e-29
       2608     28.196    11.4915    11.7533   3.622060   3.638462     1.0045     1.0495     0.0115  0.0888058 -9.990e-29
       2609     28.204    11.4896    11.7504   3.622149   3.638475     1.0022     1.0480     0.0115  0.0887993 -9.990e-29
       2610     28.212    11.4884    11.7460   3.622280   3.638391     0.9999     1.0465     0.0115  0.0887922 -9.990e-29
       2611     28.219    11.4881    11.7404   3.622448   3.638214     0.9978     1.0451     0.0115  0.0887845 -9.990e-29
       2612     28.227    11.4881    11.7333   3.622627   3.637949     0.9956     1.0439     0.0115  0.0887761 -9.990e-29
       2613     28.234    11.4878    11.7247   3.622780   3.637589     0.9936     1.0427     0.0115  0.0887669 -9.990e-29
       2614     28.242    11.4866    11.7146   3.622867   3.637124     0.9916     1.0416     0.0115  0.0887569 -9.990e-29
       2615     28.250    11.4840    11.7029   3.622848   3.636545     0.9896     1.0406     0.0113  0.0887460 -9.990e-29
       2616     28.257    11.4797    11.6900   3.622694   3.635852     0.9877     1.0398     0.0115  0.0887341 -9.990e-29
       2617     28.265    11.4736    11.6756   3.622383   3.635047     0.9859     1.0390     0.0115  0.0887212 -9.990e-29
       2618     28.272    11.4656    11.6600   3.621902   3.634137     0.9841     1.0383     0.0115  0.0887071 -9.990e-29
       2619     28.280    11.4558    11.6431   3.621246   3.633129     0.9823     1.0377     0.0115  0.0886918 -9.990e-29
       2620     28.287    11.4443    11.6249   3.620420   3.632029     0.9807     1.0371     0.0115  0.0886743 -9.990e-29
       2621     28.295    11.4315    11.6053   3.619433   3.630836     0.9790     1.0367     0.0115  0.0886537 -9.990e-29
       2622     28.302    11.4176    11.5843   3.618300   3.629545     0.9775     1.0364     0.0115  0.0886314 -9.990e-29
