data/2021/ctd_data_day1/Station 2ex 210921_ctm.cnv
* Sea-Bird SBE 9 Data File:
* FileName = C:\Users\CTD-User\Desktop\MAR440\Station 2ex 210921.hex
* Software Version Seasave V 7.26.2.13
* Temperature SN = 6313
* Conductivity SN = 4758
* Number of Bytes Per Scan = 30
* Number of Voltage Words = 4
* Number of Scans Averaged by the Deck Unit = 1
* NMEA baud rate = 4800
** Ship:
** Station:
** Operator:
# nquan = 11
# nvalues = 3819                        
# units = specified
# name 0 = scan: Scan Count
# name 1 = prDM: Pressure, Digiquartz [db]
# name 2 = t090C: Temperature [ITS-90, deg C]
# name 3 = t190C: Temperature, 2 [ITS-90, deg C]
# name 4 = c0S/m: Conductivity [S/m]
# name 5 = c1S/m: Conductivity, 2 [S/m]
# name 6 = sbeox0V: Oxygen raw, SBE 43 [V]
# name 7 = sbeox1V: Oxygen raw, SBE 43, 2 [V]
# name 8 = flECO-AFL: Fluorescence, WET Labs ECO-AFL/FL [mg/m^3]
# name 9 = upoly0: Upoly 0, Turbidity
# name 10 = flag:  0.000e+00
# span 0 =          1,       3819       
# span 1 =      0.200,     24.037       
# span 2 =    13.0098,    16.1645       
# span 3 =    13.0064,    16.1714       
# span 4 =   2.855505,   3.803001       
# span 5 =   2.857414,   3.804093       
# span 6 =     0.9315,     2.9243       
# span 7 =     1.0304,     2.8791       
# span 8 =     0.0033,     0.0101       
# span 9 =  0.0869316,  0.2349170       
# span 10 = 0.0000e+00, 0.0000e+00      
# interval = seconds: 0.0416667
# start_time = Sep 21 2021 11:43:06 [System UTC, header]
# bad_flag = -9.990e-29
*END*
[from data line 3541]
       3542     23.103    13.4965    13.4619   3.775592   3.780623     0.9376     1.0340     0.0071  0.0888852 0.0000e+00
       3543     23.119    13.4989    13.4622   3.775401   3.780661     0.9388     1.0340     0.0070  0.0888852 0.0000e+00
       3544     23.119    13.4996    13.4619   3.774985   3.780576     0.9388     1.0340     0.0071  0.0888852 0.0000e+00
       3545     23.119    13.4977    13.4624   3.774717   3.780615     0.9376     1.0340     0.0071  0.0888852 0.0000e+00
       3546     23.119    13.4959    13.4626   3.774516   3.780544     0.9376     1.0353     0.0071  0.0888852 0.0000e+00
       3547     23.119    13.4946    13.4626   3.774535   3.780557     0.9388     1.0353     0.0071  0.0888852 0.0000e+00
       3548     23.119    13.4910    13.4628   3.774648   3.780457     0.9388     1.0353     0.0071  0.0888852 0.0000e+00
       3549     23.119    13.4908    13.4631   3.774629   3.780458     0.9376     1.0353     0.0071  0.0888852 0.0000e+00
       3550     23.119    13.4924    13.4629   3.774490   3.780278     0.9376     1.0353     0.0071  0.0888852 0.0000e+00
       3551     23.119    13.4930    13.4632   3.774352   3.780238     0.9376     1.0353     0.0071  0.0888852 0.0000e+00
       3552     23.119    13.4927    13.4631   3.774169   3.780155     0.9388     1.0353     0.0071  0.0888852 0.0000e+00
       3553     23.119    13.4917    13.4633   3.773917   3.780120     0.9400     1.0353     0.0071  0.0888852 0.0000e+00
       3554     23.119    13.4912    13.4634   3.773824   3.779947     0.9388     1.0353     0.0071  0.0888852 0.0000e+00
       3555     23.119    13.4907    13.4631   3.773610   3.779965     0.9376     1.0353     0.0071  0.0888852 0.0000e+00
       3556     23.119    13.4907    13.4634   3.773586   3.779918     0.9376     1.0340     0.0070  0.0888852 0.0000e+00
       3557     23.119    13.4908    13.4634   3.773640   3.779889     0.9388     1.0353     0.0070  0.0888852 0.0000e+00
       3558     23.119    13.4910    13.4634   3.773671   3.779842     0.9400     1.0353     0.0070  0.0888852 0.0000e+00
       3559     23.119    13.4905    13.4633   3.773682   3.779848     0.9400     1.0365     0.0070  0.0888852 0.0000e+00
       3560     23.053    13.4893    13.4638   3.773604   3.779808     0.9376     1.0353     0.0070  0.0888852 0.0000e+00
       3561     23.160    13.4888    13.4638   3.773353   3.779815     0.9400     1.0353     0.0070  0.0888852 0.0000e+00
       3562     23.119    13.4954    13.4636   3.773137   3.779701     0.9400     1.0365     0.0070  0.0888852 0.0000e+00
       3563     23.119    13.5122    13.4638   3.772861   3.779738     0.9400     1.0365     0.0070  0.0888852 0.0000e+00
       3564     23.119    13.5208    13.4639   3.772578   3.779739     0.9400     1.0353     0.0070  0.0888852 0.0000e+00
       3565     23.119    13.5225    13.4641   3.771984   3.779753     0.9376     1.0365     0.0070  0.0888852 0.0000e+00
       3566     23.053    13.5264    13.4641   3.771483   3.779741     0.9376     1.0365     0.0070  0.0888852 0.0000e+00
       3567     23.119    13.5247    13.4642   3.771058   3.779754     0.9400     1.0365     0.0070  0.0888852 0.0000e+00
       3568     23.119    13.5192    13.4644   3.771030   3.779744     0.9388     1.0365     0.0070  0.0888852 0.0000e+00
       3569     23.119    13.5163    13.4642   3.771255   3.779732     0.9400     1.0365     0.0070  0.0888852 0.0000e+00
       3570     23.119    13.5131    13.4648   3.771436   3.779710     0.9376     1.0365     0.0070  0.0888852 0.0000e+00
       3571     23.119    13.5111    13.4648   3.771567   3.779723     0.9388     1.0365     0.0070  0.0888852 0.0000e+00
       3572     23.119    13.5064    13.4650   3.771827   3.779712     0.9400     1.0365     0.0070  0.0888852 0.0000e+00
       3573     23.119    13.5007    13.4651   3.772090   3.779654     0.9400     1.0365     0.0070  0.0888852 0.0000e+00
       3574     23.119    13.4955    13.4653   3.772282   3.779644     0.9388     1.0365     0.0070  0.0888852 0.0000e+00
       3575     23.119    13.4922    13.4653   3.772530   3.779644     0.9376     1.0365     0.0070  0.0888852 0.0000e+00
       3576     23.119    13.4902    13.4656   3.772904   3.779669     0.9388     1.0365     0.0070  0.0888852 0.0000e+00
       3577     23.119    13.4893    13.4657   3.773228   3.779575     0.9400     1.0377     0.0070  0.0888852 0.0000e+00
       3578     23.119    13.4893    13.4659   3.773628   3.779600     0.9400     1.0365     0.0070  0.0888852 0.0000e+00
       3579     23.102    13.4903    13.4657   3.773869   3.779636     0.9376     1.0365     0.0070  0.0888852 0.0000e+00
       3580     23.119    13.4917    13.4661   3.773880   3.779626     0.9376     1.0377     0.0070  0.0888852 0.0000e+00
       3581     23.119    13.4925    13.4661   3.773980   3.779615     0.9388     1.0377     0.0070  0.0888852 0.0000e+00
       3582     23.053    13.4929    13.4663   3.774138   3.779592     0.9388     1.0377     0.0070  0.0888852 0.0000e+00
       3583     23.119    13.4927    13.4664   3.774326   3.779587     0.9400     1.0365     0.0068  0.0888852 0.0000e+00
       3584     23.176    13.4929    13.4666   3.774478   3.779588     0.9376     1.0377     0.0068  0.0888852 0.0000e+00
       3585     23.053    13.4929    13.4664   3.774490   3.779510     0.9376     1.0377     0.0068  0.0888852 0.0000e+00
       3586     23.119    13.4927    13.4665   3.774446   3.779589     0.9400     1.0377     0.0068  0.0888852 0.0000e+00
       3587     23.119    13.4927    13.4666   3.774440   3.779518     0.9400     1.0377     0.0068  0.0888852 0.0000e+00
       3588     23.119    13.4919    13.4664   3.774589   3.779541     0.9400     1.0377     0.0068  0.0888852 0.0000e+00
       3589     23.119    13.4882    13.4664   3.774629   3.779458     0.9376     1.0377     0.0068  0.0888852 0.0000e+00
       3590     23.119    13.4858    13.4663   3.774566   3.779470     0.9376     1.0377     0.0068  0.0888852 0.0000e+00
       3591     23.119    13.4862    13.4663   3.774531   3.779362     0.9400     1.0377     0.0068  0.0888852 0.0000e+00
       3592     23.119    13.4890    13.4657   3.774354   3.779469     0.9388     1.0377     0.0070  0.0888852 0.0000e+00
       3593     23.119    13.4927    13.4660   3.774077   3.779398     0.9388     1.0377     0.0070  0.0888852 0.0000e+00
       3594     23.119    13.4954    13.4657   3.773844   3.779452     0.9376     1.0377     0.0068  0.0888852 0.0000e+00
       3595     23.119    13.4967    13.4656   3.773849   3.779386     0.9388     1.0377     0.0068  0.0888852 0.0000e+00
       3596     23.119    13.4974    13.4656   3.773791   3.779404     0.9400     1.0377     0.0068  0.0888852 0.0000e+00
       3597     23.119    13.4979    13.4656   3.773793   3.779399     0.9388     1.0377     0.0070  0.0888852 0.0000e+00
       3598     23.102    13.4989    13.4653   3.773772   3.779488     0.9400     1.0377     0.0068  0.0888852 0.0000e+00
       3599     23.119    13.5013    13.4653   3.773678   3.779453     0.9376     1.0377     0.0070  0.0888852 0.0000e+00
       3600     23.119    13.5009    13.4653   3.773592   3.779471     0.9400     1.0377     0.0068  0.0888852 0.0000e+00
       3601     23.119    13.4939    13.4653   3.773649   3.779418     0.9388     1.0377     0.0070  0.0888852 0.0000e+00
       3602     23.119    13.4870    13.4651   3.773708   3.779465     0.9376     1.0377     0.0070  0.0888852 0.0000e+00
       3603     23.119    13.4852    13.4649   3.773695   3.779387     0.9376     1.0377     0.0068  0.0888852 0.0000e+00
       3604     23.119    13.4868    13.4648   3.773604   3.779381     0.9376     1.0377     0.0070  0.0888852 0.0000e+00
       3605     23.119    13.4890    13.4651   3.773522   3.779419     0.9388     1.0377     0.0070  0.0888852 0.0000e+00
       3606     23.119    13.4914    13.4646   3.773440   3.779423     0.9388     1.0377     0.0070  0.0888852 0.0000e+00
       3607     23.119    13.4984    13.4646   3.773813   3.779400     0.9376     1.0377     0.0070  0.0893736 0.0000e+00
       3608     23.119    13.5054    13.4648   3.774014   3.779395     0.9376     1.0377     0.0071  0.0893736 0.0000e+00
       3609     23.119    13.5022    13.4644   3.773857   3.779442     0.9376     1.0377     0.0071  0.0893736 0.0000e+00
       3610     23.119    13.4972    13.4646   3.773795   3.779431     0.9400     1.0377     0.0071  0.0893736 0.0000e+00
       3611     23.118    13.4947    13.4644   3.773792   3.779479     0.9400     1.0377     0.0071  0.0893736 0.0000e+00
       3612     23.118    13.4925    13.4644   3.773855   3.779444     0.9376     1.0377     0.0071  0.0893736 0.0000e+00
       3613     23.118    13.4914    13.4643   3.773748   3.779480     0.9376     1.0377     0.0071  0.0893736 0.0000e+00
       3614     23.176    13.4912    13.4644   3.773505   3.779366     0.9364     1.0377     0.0071  0.0893736 0.0000e+00
       3615     23.118    13.4907    13.4642   3.773230   3.779402     0.9376     1.0377     0.0071  0.0893736 0.0000e+00
       3616     23.118    13.4952    13.4642   3.773065   3.779325     0.9376     1.0377     0.0071  0.0893736 0.0000e+00
       3617     23.102    13.5004    13.4644   3.773146   3.779392     0.9376     1.0377     0.0071  0.0893736 0.0000e+00
       3618     23.118    13.5039    13.4646   3.773213   3.779225     0.9364     1.0377     0.0071  0.0893736 0.0000e+00
       3619     23.176    13.5037    13.4648   3.773443   3.779286     0.9364     1.0377     0.0071  0.0893736 0.0000e+00
       3620     23.118    13.5052    13.4651   3.773515   3.779258     0.9376     1.0377     0.0071  0.0893736 0.0000e+00
       3621     23.118    13.5021    13.4651   3.773740   3.779330     0.9364     1.0377     0.0071  0.0893736 0.0000e+00
       3622     23.118    13.4967    13.4656   3.774070   3.779345     0.9364     1.0365     0.0071  0.0893736 0.0000e+00
       3623     23.118    13.4972    13.4656   3.774332   3.779333     0.9351     1.0377     0.0071  0.0893736 0.0000e+00
       3624     23.118    13.5028    13.4656   3.774687   3.779286     0.9364     1.0377     0.0071  0.0893736 0.0000e+00
       3625     23.118    13.4990    13.4657   3.774963   3.779316     0.9376     1.0365     0.0071  0.0893736 0.0000e+00
       3626     23.176    13.4905    13.4659   3.775143   3.779336     0.9364     1.0365     0.0071  0.0893736 0.0000e+00
       3627     23.118    13.4843    13.4660   3.775191   3.779462     0.9351     1.0365     0.0071  0.0893736 0.0000e+00
       3628     23.118    13.4804    13.4663   3.775341   3.779530     0.9351     1.0365     0.0071  0.0893736 0.0000e+00
       3629     23.118    13.4781    13.4663   3.775532   3.779542     0.9376     1.0365     0.0070  0.0893736 0.0000e+00
       3630     23.118    13.4773    13.4670   3.775554   3.779618     0.9376     1.0365     0.0071  0.0893736 0.0000e+00
       3631     23.176    13.4778    13.4670   3.775549   3.779666     0.9364     1.0365     0.0071  0.0893736 0.0000e+00
       3632     23.118    13.4775    13.4671   3.775694   3.779930     0.9351     1.0365     0.0071  0.0893736 0.0000e+00
       3633     23.118    13.4771    13.4674   3.775820   3.780033     0.9351     1.0365     0.0071  0.0893736 0.0000e+00
       3634     23.118    13.4775    13.4678   3.775822   3.780047     0.9364     1.0365     0.0071  0.0888852 0.0000e+00
       3635     23.176    13.4780    13.4680   3.775782   3.779940     0.9364     1.0365     0.0071  0.0888852 0.0000e+00
       3636     23.102    13.4783    13.4681   3.775777   3.779767     0.9351     1.0365     0.0071  0.0888852 0.0000e+00
       3637     23.176    13.4795    13.4681   3.775788   3.779713     0.9351     1.0365     0.0071  0.0888852 0.0000e+00
       3638     23.052    13.4821    13.4683   3.775846   3.779912     0.9351     1.0353     0.0071  0.0888852 0.0000e+00
       3639     23.176    13.4847    13.4681   3.775821   3.780476     0.9364     1.0353     0.0071  0.0888852 0.0000e+00
       3640     23.118    13.4872    13.4678   3.775890   3.781447     0.9364     1.0353     0.0071  0.0888852 0.0000e+00
       3641     23.118    13.4880    13.4680   3.775845   3.782281     0.9351     1.0353     0.0071  0.0888852 0.0000e+00
       3642     23.176    13.4917    13.4680   3.775781   3.782678     0.9351     1.0353     0.0071  0.0888852 0.0000e+00
       3643     23.118    13.4949    13.4681   3.775702   3.782858     0.9364     1.0353     0.0071  0.0888852 0.0000e+00
       3644     23.118    13.4942    13.4684   3.775729   3.782710     0.9376     1.0353     0.0071  0.0888852 0.0000e+00
       3645     23.118    13.4919    13.4684   3.775787   3.782464     0.9364     1.0353     0.0071  0.0888852 0.0000e+00
       3646     23.176    13.4913    13.4686   3.775876   3.782279     0.9351     1.0353     0.0071  0.0888852 0.0000e+00
       3647     23.118    13.4920    13.4686   3.775999   3.782220     0.9351     1.0353     0.0071  0.0888852 0.0000e+00
       3648     23.118    13.4936    13.4684   3.776139   3.782081     0.9351     1.0340     0.0071  0.0888852 0.0000e+00
       3649     23.176    13.4922    13.4685   3.776097   3.781896     0.9364     1.0340     0.0071  0.0888852 0.0000e+00
       3650     23.118    13.4922    13.4680   3.776146   3.781666     0.9364     1.0340     0.0071  0.0888852 0.0000e+00
       3651     23.176    13.4907    13.4674   3.775903   3.781311     0.9351     1.0353     0.0071  0.0888852 0.0000e+00
       3652     23.118    13.4903    13.4668   3.775951   3.781111     0.9351     1.0340     0.0071  0.0888852 0.0000e+00
       3653     23.118    13.4914    13.4656   3.775973   3.781227     0.9351     1.0340     0.0071  0.0888852 0.0000e+00
       3654     23.176    13.4914    13.4644   3.775912   3.781661     0.9351     1.0340     0.0071  0.0888852 0.0000e+00
       3655     23.102    13.4895    13.4640   3.775917   3.782229     0.9351     1.0340     0.0071  0.0888852 0.0000e+00
       3656     23.176    13.4862    13.4644   3.775838   3.782987     0.9351     1.0340     0.0071  0.0888852 0.0000e+00
       3657     23.118    13.4848    13.4601   3.775706   3.783493     0.9339     1.0340     0.0071  0.0888852 0.0000e+00
       3658     23.118    13.4860    13.4565   3.775679   3.784025     0.9351     1.0340     0.0070  0.0888852 0.0000e+00
       3659     23.176    13.4880    13.4575   3.775736   3.784786     0.9351     1.0340     0.0070  0.0888852 0.0000e+00
       3660     23.118    13.4883    13.4621   3.775676   3.785578     0.9351     1.0340     0.0070  0.0888852 0.0000e+00
       3661     23.118    13.4882    13.4649   3.775707   3.786147     0.9339     1.0340     0.0070  0.0888852 0.0000e+00
       3662     23.176    13.4858    13.4650   3.775637   3.786454     0.9351     1.0340     0.0070  0.0888852 0.0000e+00
       3663     23.118    13.4850    13.4641   3.775682   3.786679     0.9351     1.0340     0.0070  0.0888852 0.0000e+00
       3664     23.118    13.4875    13.4636   3.775667   3.787061     0.9351     1.0328     0.0070  0.0888852 0.0000e+00
       3665     23.176    13.4895    13.4631   3.775663   3.787342     0.9351     1.0328     0.0070  0.0888852 0.0000e+00
       3666     23.118    13.4903    13.4621   3.775539   3.787296     0.9339     1.0328     0.0070  0.0888852 0.0000e+00
       3667     23.176    13.4902    13.4621   3.775442   3.786937     0.9351     1.0328     0.0070  0.0888852 0.0000e+00
       3668     23.118    13.4900    13.4625   3.775550   3.786459     0.9351     1.0328     0.0070  0.0888852 0.0000e+00
       3669     23.118    13.4897    13.4617   3.775615   3.785784     0.9351     1.0328     0.0070  0.0888852 0.0000e+00
       3670     23.176    13.4890    13.4577   3.775649   3.785061     0.9351     1.0328     0.0070  0.0888852 0.0000e+00
       3671     23.118    13.4865    13.4527   3.775651   3.784394     0.9351     1.0328     0.0070  0.0888852 0.0000e+00
       3672     23.176    13.4848    13.4486   3.775663   3.783989     0.9339     1.0328     0.0070  0.0888852 0.0000e+00
