data/2021/ctd_data_day1/Station 1 210921_ctm.cnv
* Sea-Bird SBE 9 Data File:
* FileName = C:\Users\CTD-User\Desktop\MAR440\Station 1 210921.hex
* Software Version Seasave V 7.26.2.13
* Temperature SN = 6313
* Conductivity SN = 4758
* Number of Bytes Per Scan = 30
* Number of Voltage Words = 4
* Number of Scans Averaged by the Deck Unit = 1
* NMEA baud rate = 4800
** Ship:
** Station:
** Operator:
# nquan = 11
# nvalues = 5940                        
# units = specified
# name 0 = scan: Scan Count
# name 1 = prDM: Pressure, Digiquartz [db]
# name 2 = t090C: Temperature [ITS-90, deg C]
# name 3 = t190C: Temperature, 2 [ITS-90, deg C]
# name 4 = c0S/m: Conductivity [S/m]
# name 5 = c1S/m: Conductivity, 2 [S/m]
# name 6 = sbeox0V: Oxygen raw, SBE 43 [V]
# name 7 = sbeox1V: Oxygen raw, SBE 43, 2 [V]
# name 8 = flECO-AFL: Fluorescence, WET Labs ECO-AFL/FL [mg/m^3]
# name 9 = upoly0: Upoly 0, Turbidity
# name 10 = flag:  0.000e+00
# span 0 =          1,       5940       
# span 1 =      0.327,     13.973       
# span 2 =    11.9529,    16.0393       
# span 3 =    11.9540,    16.0416       
# span 4 =   2.808598,   3.423301       
# span 5 =   2.808270,   3.416889       
# span 6 =     0.9938,     2.8596       
# span 7 =     1.0231,     2.7656       
# span 8 =     0.0040,     0.0086       
# span 9 =  0.0918156,  0.2139158       
# span 10 = 0.0000e+00, 0.0000e+00      
# interval = seconds: 0.0416667
# start_time = Sep 21 2021 08:43:04 [System UTC, header]
# bad_flag = -9.990e-29
*END*
[from data line 3541]
       3542      1.084    14.7598    15.1822   2.881447   2.958165     2.7253     2.6373     0.0057  0.1802161 0.0000e+00
       3543      1.117    14.7618    15.1758   2.881062   2.958065     2.7277     2.6386     0.0057  0.1802161 0.0000e+00
       3544      1.084    14.7825    15.1531   2.881968   2.956619     2.7277     2.6386     0.0057  0.1802161 0.0000e+00
       3545      1.059    14.8053    15.1361   2.883817   2.954745     2.7277     2.6398     0.0057  0.1802161 0.0000e+00
       3546      1.084    14.8079    15.1355   2.885870   2.953049     2.7289     2.6398     0.0057  0.1802161 0.0000e+00
       3547      1.117    14.8023    15.1494   2.888917   2.951747     2.7314     2.6398     0.0057  0.1802161 0.0000e+00
       3548      1.026    14.8388    15.1594   2.892706   2.951432     2.7326     2.6398     0.0057  0.1802161 0.0000e+00
       3549      1.117    14.9136    15.1649   2.895757   2.952141     2.7338     2.6410     0.0057  0.1802161 0.0000e+00
       3550      1.026    14.9364    15.1453   2.897025   2.952693     2.7350     2.6410     0.0057  0.1802161 0.0000e+00
       3551      1.117    14.9353    15.0991   2.897396   2.952729     2.7350     2.6410     0.0057  0.1802161 0.0000e+00
       3552      1.084    14.9119    15.0877   2.897654   2.952796     2.7375     2.6410     0.0057  0.1802161 0.0000e+00
       3553      1.117    14.8899    15.0959   2.897670   2.952977     2.7387     2.6410     0.0057  0.1841233 0.0000e+00
       3554      1.026    14.8759    15.1114   2.897477   2.953121     2.7387     2.6410     0.0059  0.1919377 0.0000e+00
       3555      1.117    14.8645    15.1144   2.897185   2.952671     2.7399     2.6410     0.0059  0.1943797 0.0000e+00
       3556      1.084    14.8773    15.1130   2.897026   2.951212     2.7424     2.6422     0.0059  0.1943797 0.0000e+00
       3557      1.117    14.9201    15.1079   2.896964   2.949119     2.7436     2.6422     0.0059  0.1938913 0.0000e+00
       3558      1.084    14.9048    15.0850   2.896788   2.947235     2.7448     2.6422     0.0059  0.1938913 0.0000e+00
       3559      1.059    14.8916    15.0731   2.897189   2.946560     2.7448     2.6422     0.0059  0.1938913 0.0000e+00
       3560      1.149    14.8986    15.0677   2.897986   2.945104     2.7460     2.6422     0.0059  0.1938913 0.0000e+00
       3561      1.059    14.8937    15.0403   2.897663   2.943275     2.7472     2.6410     0.0059  0.1938913 0.0000e+00
       3562      1.084    14.9224    15.0306   2.897121   2.942533     2.7485     2.6422     0.0059  0.1938913 0.0000e+00
       3563      1.117    15.0011    15.0555   2.898976   2.942720     2.7485     2.6422     0.0059  0.1938913 0.0000e+00
       3564      1.084    15.0567    15.0842   2.903459   2.943264     2.7497     2.6422     0.0059  0.1938913 0.0000e+00
       3565      1.084    15.0871    15.1044   2.910110   2.943861     2.7521     2.6410     0.0059  0.1938913 0.0000e+00
       3566      1.116    15.0776    15.1166   2.915668   2.944846     2.7521     2.6422     0.0059  0.1938913 0.0000e+00
       3567      1.083    15.0592    15.1064   2.919356   2.945849     2.7533     2.6410     0.0059  0.1938913 0.0000e+00
       3568      1.116    15.0550    15.0976   2.921888   2.946404     2.7533     2.6410     0.0059  0.1938913 0.0000e+00
       3569      1.083    15.0608    15.0913   2.923442   2.946284     2.7546     2.6410     0.0059  0.1938913 0.0000e+00
       3570      1.116    15.0491    15.0817   2.923304   2.945748     2.7546     2.6410     0.0059  0.1938913 0.0000e+00
       3571      1.083    15.0351    15.0753   2.923503   2.945404     2.7570     2.6410     0.0059  0.1938913 0.0000e+00
       3572      1.116    15.0301    15.0733   2.924231   2.945639     2.7582     2.6398     0.0059  0.1938913 0.0000e+00
       3573      1.083    15.0401    15.0794   2.924434   2.946079     2.7582     2.6398     0.0059  0.1938913 0.0000e+00
       3574      1.059    15.0319    15.0808   2.923607   2.946288     2.7582     2.6398     0.0059  0.1938913 0.0000e+00
       3575      1.149    15.0132    15.0881   2.922030   2.946367     2.7594     2.6398     0.0059  0.1938913 0.0000e+00
       3576      1.059    15.0204    15.1015   2.920170   2.946617     2.7619     2.6398     0.0059  0.1938913 0.0000e+00
       3577      1.149    15.0274    15.1112   2.918155   2.946782     2.7619     2.6398     0.0059  0.1938913 0.0000e+00
       3578      1.116    15.0167    15.1127   2.916007   2.946827     2.7631     2.6386     0.0059  0.1938913 0.0000e+00
       3579      1.083    15.0106    15.1078   2.913170   2.946260     2.7631     2.6386     0.0059  0.1973101 0.0000e+00
       3580      1.116    14.9733    15.0874   2.909428   2.944114     2.7631     2.6386     0.0059  0.1992637 0.0000e+00
       3581      1.083    14.9263    15.0657   2.906831   2.940821     2.7668     2.6373     0.0059  0.1992637 0.0000e+00
       3582      1.116    14.9082    15.0316   2.906101   2.938548     2.7668     2.6373     0.0059  0.1992637 0.0000e+00
       3583      1.083    14.8819    14.9771   2.905103   2.937025     2.7668     2.6361     0.0059  0.1992637 0.0000e+00
       3584      1.116    14.8495    14.9490   2.903497   2.935087     2.7668     2.6361     0.0059  0.1992637 0.0000e+00
       3585      1.149    14.8378    14.9630   2.901730   2.932694     2.7680     2.6361     0.0059  0.1992637 0.0000e+00
       3586      1.116    14.8108    14.9675   2.899642   2.930362     2.7717     2.6349     0.0059  0.1992637 0.0000e+00
       3587      1.083    14.7925    14.9630   2.897539   2.928365     2.7717     2.6349     0.0059  0.1992637 0.0000e+00
       3588      1.182    14.7689    14.9532   2.895132   2.926479     2.7717     2.6349     0.0059  0.1992637 0.0000e+00
       3589      1.083    14.7509    14.9573   2.891943   2.925088     2.7704     2.6349     0.0059  0.1992637 0.0000e+00
       3590      1.116    14.7526    14.9622   2.889172   2.924307     2.7717     2.6349     0.0059  0.1992637 0.0000e+00
       3591      1.083    14.7682    14.9569   2.888368   2.923058     2.7741     2.6337     0.0059  0.1992637 0.0000e+00
       3592      1.182    14.7766    14.9423   2.889390   2.921144     2.7729     2.6337     0.0059  0.1992637 0.0000e+00
       3593      1.083    14.8164    14.9346   2.892421   2.919925     2.7741     2.6337     0.0059  0.1992637 0.0000e+00
       3594      1.116    14.8733    14.9062   2.895518   2.918892     2.7741     2.6337     0.0059  0.1992637 0.0000e+00
       3595      1.149    14.9255    14.8721   2.896676   2.916205     2.7765     2.6337     0.0059  0.1992637 0.0000e+00
       3596      1.116    14.9786    14.8551   2.896039   2.911785     2.7765     2.6337     0.0059  0.1992637 0.0000e+00
       3597      1.083    14.9638    14.8290   2.893477   2.906726     2.7765     2.6325     0.0059  0.1992637 0.0000e+00
       3598      1.182    14.8786    14.7922   2.890573   2.902343     2.7753     2.6325     0.0059  0.1992637 0.0000e+00
       3599      1.083    14.8110    14.7683   2.890255   2.898491     2.7765     2.6325     0.0059  0.1992637 0.0000e+00
       3600      1.182    14.7715    14.7711   2.890124   2.894802     2.7778     2.6325     0.0059  0.1992637 0.0000e+00
       3601      1.083    14.7522    14.7804   2.887906   2.891913     2.7778     2.6325     0.0059  0.1992637 0.0000e+00
       3602      1.182    14.7378    14.7739   2.885160   2.889696     2.7778     2.6312     0.0059  0.1992637 0.0000e+00
       3603      1.083    14.7376    14.7565   2.883017   2.887334     2.7765     2.6325     0.0059  0.1992637 0.0000e+00
       3604      1.182    14.7903    14.7259   2.881199   2.883651     2.7778     2.6312     0.0059  0.1997521 0.0000e+00
       3605      1.149    14.7378    14.6962   2.879117   2.878592     2.7790     2.6312     0.0059  0.2007289 0.0000e+00
       3606      1.182    14.6393    14.6989   2.876078   2.875627     2.7790     2.6312     0.0059  0.2012173 0.0000e+00
       3607      1.083    14.5669    14.7266   2.871319   2.876649     2.7778     2.6312     0.0059  0.2012173 0.0000e+00
       3608      1.149    14.5598    14.7350   2.869555   2.879190     2.7778     2.6312     0.0059  0.2012173 0.0000e+00
       3609      1.116    14.6744    14.7386   2.875420   2.879909     2.7778     2.6312     0.0059  0.2012173 0.0000e+00
       3610      1.149    14.7504    14.7244   2.885331   2.877433     2.7790     2.6300     0.0059  0.2012173 0.0000e+00
       3611      1.182    14.8329    14.7210   2.895977   2.875134     2.7778     2.6300     0.0059  0.2012173 0.0000e+00
       3612      1.149    14.9324    14.7239   2.905364   2.874058     2.7765     2.6300     0.0059  0.2012173 0.0000e+00
       3613      1.116    14.9871    14.7235   2.910642   2.871906     2.7765     2.6300     0.0059  0.2012173 0.0000e+00
       3614      1.083    14.9774    14.7097   2.911707   2.868960     2.7778     2.6300     0.0059  0.2012173 0.0000e+00
       3615      1.182    14.9777    14.6823   2.909845   2.865310     2.7778     2.6300     0.0059  0.2012173 0.0000e+00
       3616      1.149    14.9359    14.6304   2.906926   2.862457     2.7765     2.6300     0.0059  0.2012173 0.0000e+00
       3617      1.116    14.7884    14.5917   2.904183   2.860373     2.7765     2.6300     0.0059  0.2012173 0.0000e+00
       3618      1.149    14.6785    14.5572   2.901222   2.856879     2.7765     2.6300     0.0059  0.2012173 0.0000e+00
       3619      1.182    14.6606    14.5307   2.893927   2.852380     2.7765     2.6300     0.0059  0.2012173 0.0000e+00
       3620      1.149    14.6726    14.5177   2.884238   2.848173     2.7765     2.6300     0.0059  0.2012173 0.0000e+00
       3621      1.182    14.7015    14.5185   2.876473   2.845499     2.7765     2.6288     0.0059  0.2012173 0.0000e+00
       3622      1.083    14.6890    14.5165   2.870956   2.845390     2.7765     2.6288     0.0059  0.2012173 0.0000e+00
       3623      1.182    14.6400    14.5369   2.866595   2.846927     2.7765     2.6288     0.0059  0.2012173 0.0000e+00
       3624      1.149    14.6058    14.5938   2.863515   2.849298     2.7765     2.6288     0.0059  0.2007289 0.0000e+00
       3625      1.182    14.6416    14.6408   2.861551   2.851297     2.7753     2.6288     0.0059  0.2012173 0.0000e+00
       3626      1.149    14.6408    14.6476   2.859577   2.851602     2.7741     2.6288     0.0059  0.2012173 0.0000e+00
       3627      1.182    14.6093    14.6095   2.857115   2.849894     2.7741     2.6276     0.0059  0.2012173 0.0000e+00
       3628      1.149    14.5836    14.5694   2.854715   2.847377     2.7729     2.6276     0.0059  0.2012173 0.0000e+00
       3629      1.182    14.5716    14.5494   2.853055   2.845606     2.7741     2.6288     0.0059  0.2012173 0.0000e+00
       3630      1.206    14.5645    14.5391   2.852061   2.844061     2.7741     2.6288     0.0059  0.1992637 0.0000e+00
       3631      1.116    14.5588    14.5271   2.851334   2.842419     2.7729     2.6288     0.0059  0.1977985 0.0000e+00
       3632      1.206    14.5539    14.5180   2.850813   2.841578     2.7729     2.6288     0.0059  0.1977985 0.0000e+00
       3633      1.116    14.5484    14.5134   2.849864   2.841970     2.7729     2.6288     0.0059  0.1977985 0.0000e+00
       3634      1.149    14.5438    14.5102   2.848723   2.843286     2.7741     2.6288     0.0059  0.1977985 0.0000e+00
       3635      1.182    14.5379    14.5228   2.847523   2.844603     2.7741     2.6288     0.0059  0.1977985 0.0000e+00
       3636      1.149    14.5315    14.5312   2.846337   2.845120     2.7741     2.6288     0.0059  0.1977985 0.0000e+00
       3637      1.182    14.5282    14.5474   2.845306   2.845193     2.7741     2.6300     0.0059  0.1977985 0.0000e+00
       3638      1.149    14.5204    14.5516   2.844355   2.845484     2.7765     2.6300     0.0059  0.1977985 0.0000e+00
       3639      1.182    14.5184    14.5462   2.843633   2.845424     2.7765     2.6300     0.0059  0.1977985 0.0000e+00
       3640      1.149    14.5186    14.5405   2.842909   2.844021     2.7765     2.6300     0.0059  0.1977985 0.0000e+00
       3641      1.182    14.5124    14.5344   2.841834   2.842068     2.7741     2.6312     0.0059  0.1977985 0.0000e+00
       3642      1.149    14.5063    14.5302   2.840628   2.841025     2.7741     2.6312     0.0059  0.1977985 0.0000e+00
       3643      1.182    14.5026    14.5298   2.839058   2.840937     2.7753     2.6325     0.0059  0.1977985 0.0000e+00
       3644      1.206    14.5012    14.5327   2.837628   2.841287     2.7753     2.6325     0.0059  0.1977985 0.0000e+00
       3645      1.116    14.5023    14.5344   2.837195   2.841540     2.7765     2.6337     0.0059  0.1977985 0.0000e+00
       3646      1.206    14.5097    14.5357   2.837966   2.841238     2.7741     2.6349     0.0059  0.1977985 0.0000e+00
       3647      1.115    14.5041    14.5305   2.838345   2.840449     2.7741     2.6349     0.0059  0.1977985 0.0000e+00
       3648      1.206    14.4941    14.5180   2.838098   2.839493     2.7765     2.6349     0.0059  0.1977985 0.0000e+00
       3649      1.148    14.5031    14.5082   2.838561   2.838434     2.7765     2.6361     0.0059  0.1977985 0.0000e+00
       3650      1.181    14.5320    14.5043   2.840235   2.837721     2.7741     2.6373     0.0059  0.1977985 0.0000e+00
       3651      1.206    14.5509    14.5031   2.841767   2.837383     2.7741     2.6373     0.0059  0.1977985 0.0000e+00
       3652      1.115    14.5509    14.5060   2.842177   2.837475     2.7741     2.6386     0.0059  0.1977985 0.0000e+00
       3653      1.148    14.5467    14.5114   2.842164   2.837678     2.7765     2.6398     0.0059  0.1977985 0.0000e+00
       3654      1.181    14.5460    14.5148   2.842669   2.837659     2.7741     2.6410     0.0059  0.1977985 0.0000e+00
       3655      1.148    14.5458    14.5133   2.843236   2.837717     2.7741     2.6422     0.0059  0.1948681 0.0000e+00
       3656      1.181    14.5445    14.5109   2.843680   2.837503     2.7729     2.6435     0.0059  0.1890073 0.0000e+00
       3657      1.148    14.5425    14.5109   2.843473   2.837121     2.7729     2.6447     0.0059  0.1865653 0.0000e+00
       3658      1.181    14.5432    14.5104   2.843146   2.836823     2.7741     2.6459     0.0059  0.1865653 0.0000e+00
       3659      1.148    14.5440    14.5105   2.842711   2.837038     2.7729     2.6471     0.0059  0.1870537 0.0000e+00
       3660      1.181    14.5419    14.5146   2.841955   2.837520     2.7741     2.6483     0.0059  0.1870537 0.0000e+00
       3661      1.148    14.5401    14.5197   2.840939   2.838108     2.7717     2.6483     0.0059  0.1870537 0.0000e+00
       3662      1.181    14.5362    14.5203   2.840405   2.838346     2.7729     2.6496     0.0059  0.1870537 0.0000e+00
       3663      1.206    14.5386    14.5218   2.840253   2.838652     2.7729     2.6520     0.0059  0.1870537 0.0000e+00
       3664      1.181    14.5514    14.5230   2.841190   2.839192     2.7729     2.6532     0.0059  0.1870537 0.0000e+00
       3665      1.148    14.5618    14.5230   2.842515   2.839589     2.7717     2.6544     0.0059  0.1870537 0.0000e+00
       3666      1.181    14.5689    14.5217   2.843648   2.840049     2.7717     2.6569     0.0059  0.1870537 0.0000e+00
       3667      1.148    14.5694    14.5210   2.844500   2.840201     2.7741     2.6581     0.0059  0.1870537 0.0000e+00
       3668      1.181    14.5717    14.5214   2.845472   2.840223     2.7729     2.6593     0.0059  0.1870537 0.0000e+00
       3669      1.206    14.5743    14.5220   2.846468   2.840515     2.7729     2.6618     0.0059  0.1870537 0.0000e+00
       3670      1.181    14.5783    14.5221   2.847475   2.840557     2.7717     2.6630     0.0059  0.1870537 0.0000e+00
       3671      1.148    14.5856    14.5241   2.848554   2.840230     2.7729     2.6654     0.0059  0.1870537 0.0000e+00
       3672      1.115    14.5893    14.5251   2.849484   2.839921     2.7741     2.6667     0.0059  0.1870537 0.0000e+00
