data/2021/ctd_data_day1/Station 2 210921_ctm_fil_le_der.cnv
* Sea-Bird SBE 9 Data File:
* FileName = C:\Users\CTD-User\Desktop\MAR440\Station 2 210921.hex
* Software Version Seasave V 7.26.2.13
* Temperature SN = 6313
* Conductivity SN = 4758
* Number of Bytes Per Scan = 30
* Number of Voltage Words = 4
* Number of Scans Averaged by the Deck Unit = 1
* NMEA baud rate = 4800
** Ship:
** Station:
** Operator:
# nquan = 16                                
# nvalues = 6110                        
# units = specified
# name 0 = scan: Scan Count
# name 1 = prDM: Pressure, Digiquartz [db]
# name 2 = t090C: Temperature [ITS-90, deg C]
# name 3 = t190C: Temperature, 2 [ITS-90, deg C]
# name 4 = c0S/m: Conductivity [S/m]
# name 5 = c1S/m: Conductivity, 2 [S/m]
# name 6 = sbeox0V: Oxygen raw, SBE 43 [V]
# name 7 = sbeox1V: Oxygen raw, SBE 43, 2 [V]
# name 8 = flECO-AFL: Fluorescence, WET Labs ECO-AFL/FL [mg/m^3]
# name 9 = upoly0: Upoly 0, Turbidity
# name 10 = depSM: Depth [salt water, m], lat = 59
# name 11 = sal00: Salinity, Practical [PSU]
# name 12 = sal11: Salinity, Practical, 2 [PSU]
# name 13 = sbeox0ML/L: Oxygen, SBE 43 [ml/l], WS = 2
# name 14 = sbeox1ML/L: Oxygen, SBE 43, 2 [ml/l], WS = 2
# name 15 = flag: flag
# span 0 =          1,       6110       
# span 1 =      0.272,     43.391       
# span 2 =     7.9822,    16.1562       
# span 3 =     7.9816,    16.1577       
# span 4 =  -0.000572,   3.484935       
# span 5 =   1.131490,   3.486137       
# span 6 =     0.4727,     3.0246       
# span 7 =     0.5280,     2.8397       
# span 8 =     0.0033,     0.0408       
# span 9 =  0.0809230,  0.2244552       
# span 10 =      0.269,     42.981      
# span 11 =     0.0000,    32.1406      
# span 12 =     0.0000,    32.1477      
# span 13 =    -0.1372,     9.2111      
# span 14 =     0.1552,     6.0982      
# span 15 = 0.0000e+00, 0.0000e+00      
# interval = seconds: 0.0416667
# start_time = Sep 21 2021 09:07:42 [System UTC, header]
# bad_flag = -9.990e-29
*END*
[from data line 3888]
       3889      1.011    14.9875    14.7441   2.936313   2.896151     2.8419     2.7758     0.0062  0.2032771      1.002    22.9786    22.7739     6.9019     5.9328 -9.990e-29
       3890      1.022    14.9723    14.7240   2.934053   2.893055     2.8417     2.7759     0.0062  0.2037467      1.012    22.9681    22.7588     6.9022     5.9328 -9.990e-29
       3891      1.033    14.9558    14.7039   2.931532   2.889864     2.8414     2.7759     0.0062  0.2041889      1.023    22.9560    22.7428     6.9024     5.9325 -9.990e-29
       3892      1.044    14.9382    14.6843   2.928765   2.886666     2.8412     2.7758     0.0062  0.2046076      1.034    22.9424    22.7265     6.9031     5.9319 -9.990e-29
       3893      1.056    14.9201    14.6654   2.925792   2.883520     2.8410     2.7757     0.0062  0.2050057      1.046    22.9273    22.7102     6.9039     5.9312 -9.990e-29
       3894      1.067    14.9019    14.6474   2.922671   2.880465     2.8407     2.7755     0.0062  0.2053860      1.057    22.9110    22.6942     6.9044     5.9301 -9.990e-29
       3895      1.079    14.8841    14.6303   2.919473   2.877529     2.8405     2.7753     0.0062  0.2057511      1.069    22.8938    22.6787     6.9052     5.9290 -9.990e-29
       3896      1.090    14.8674    14.6143   2.916292   2.874728     2.8402     2.7751     0.0062  0.2061036      1.080    22.8761    22.6637     6.9055     5.9277 -9.990e-29
       3897      1.102    14.8523    14.5992   2.913236   2.872072     2.8399     2.7749     0.0062  0.2064459      1.092    22.8585    22.6494     6.9055     5.9263 -9.990e-29
       3898      1.114    14.8393    14.5852   2.910398   2.869565     2.8396     2.7746     0.0062  0.2067804      1.104    22.8416    22.6357     6.9051     5.9246 -9.990e-29
       3899      1.126    14.8283    14.5722   2.907841   2.867205     2.8393     2.7743     0.0062  0.2071095      1.115    22.8259    22.6228     6.9043     5.9227 -9.990e-29
       3900      1.138    14.8192    14.5603   2.905590   2.864992     2.8390     2.7740     0.0062  0.2074353      1.127    22.8117    22.6105     6.9032     5.9208 -9.990e-29
       3901      1.150    14.8120    14.5494   2.903647   2.862919     2.8387     2.7737     0.0062  0.2077603      1.139    22.7991    22.5988     6.9016     5.9189 -9.990e-29
       3902      1.163    14.8065    14.5395   2.902001   2.860981     2.8384     2.7733     0.0062  0.2080866      1.152    22.7881    22.5877     6.8997     5.9167 -9.990e-29
       3903      1.175    14.8025    14.5305   2.900640   2.859176     2.8380     2.7729     0.0060  0.2084165      1.164    22.7786    22.5772     6.8971     5.9144 -9.990e-29
       3904      1.187    14.7999    14.5223   2.899548   2.857501     2.8376     2.7726     0.0062  0.2087523      1.176    22.7707    22.5674     6.8943     5.9124 -9.990e-29
       3905      1.200    14.7982    14.5150   2.898695   2.855958     2.8372     2.7722     0.0062  0.2090964      1.189    22.7643    22.5582     6.8913     5.9102 -9.990e-29
       3906      1.213    14.7973    14.5084   2.898043   2.854547     2.8368     2.7717     0.0062  0.2094512      1.202    22.7592    22.5497     6.8880     5.9077 -9.990e-29
       3907      1.225    14.7967    14.5026   2.897553   2.853267     2.8364     2.7713     0.0062  0.2098190      1.214    22.7553    22.5420     6.8847     5.9056 -9.990e-29
       3908      1.238    14.7962    14.4975   2.897181   2.852115     2.8360     2.7709     0.0062  0.2102025      1.226    22.7524    22.5349     6.8813     5.9035 -9.990e-29
       3909      1.251    14.7955    14.4930   2.896871   2.851085     2.8355     2.7704     0.0062  0.2106043      1.239    22.7501    22.5285     6.8777     5.9012 -9.990e-29
       3910      1.263    14.7942    14.4891   2.896567   2.850169     2.8350     2.7699     0.0062  0.2110273      1.251    22.7482    22.5228     6.8742     5.8989 -9.990e-29
       3911      1.277    14.7921    14.4857   2.896219   2.849359     2.8344     2.7694     0.0062  0.2114744      1.265    22.7464    22.5178     6.8705     5.8968 -9.990e-29
       3912      1.290    14.7888    14.4828   2.895784   2.848646     2.8339     2.7689     0.0062  0.2119452      1.278    22.7446    22.5132     6.8674     5.8947 -9.990e-29
       3913      1.303    14.7840    14.4803   2.895216   2.848018     2.8333     2.7683     0.0064  0.2124261      1.291    22.7425    22.5092     6.8643     5.8925 -9.990e-29
       3914      1.317    14.7773    14.4781   2.894462   2.847462     2.8327     2.7678     0.0064  0.2128933      1.305    22.7398    22.5056     6.8615     5.8907 -9.990e-29
       3915      1.330    14.7687    14.4761   2.893476   2.846967     2.8321     2.7672     0.0064  0.2133329      1.318    22.7363    22.5025     6.8591     5.8887 -9.990e-29
       3916      1.344    14.7580    14.4743   2.892222   2.846523     2.8314     2.7666     0.0064  0.2137456      1.331    22.7317    22.4997     6.8569     5.8869 -9.990e-29
       3917      1.358    14.7450    14.4727   2.890666   2.846122     2.8307     2.7660     0.0064  0.2141358      1.345    22.7258    22.4971     6.8552     5.8853 -9.990e-29
       3918      1.372    14.7299    14.4712   2.888795   2.845756     2.8300     2.7654     0.0064  0.2145072      1.359    22.7183    22.4948     6.8539     5.8838 -9.990e-29
       3919      1.386    14.7134    14.4698   2.886622   2.845421     2.8293     2.7648     0.0064  0.2148624      1.373    22.7091    22.4927     6.8531     5.8825 -9.990e-29
       3920      1.400    14.6962    14.4686   2.884202   2.845112     2.8285     2.7641     0.0062  0.2152037      1.387    22.6981    22.4907     6.8523     5.8811 -9.990e-29
       3921      1.415    14.6791    14.4675   2.881617   2.844828     2.8277     2.7635     0.0064  0.2155336      1.402    22.6857    22.4888     6.8518     5.8801 -9.990e-29
       3922      1.430    14.6626    14.4665   2.878964   2.844570     2.8269     2.7629     0.0064  0.2158535      1.417    22.6723    22.4871     6.8513     5.8793 -9.990e-29
       3923      1.445    14.6470    14.4656   2.876327   2.844336     2.8260     2.7622     0.0064  0.2161648      1.431    22.6584    22.4856     6.8506     5.8784 -9.990e-29
       3924      1.460    14.6323    14.4648   2.873764   2.844129     2.8252     2.7616     0.0064  0.2164705      1.446    22.6447    22.4843     6.8503     5.8779 -9.990e-29
       3925      1.475    14.6186    14.4642   2.871304   2.843947     2.8243     2.7610     0.0064  0.2167736      1.461    22.6313    22.4830     6.8497     5.8776 -9.990e-29
       3926      1.490    14.6056    14.4638   2.868960   2.843792     2.8235     2.7604     0.0064  0.2170762      1.476    22.6185    22.4819     6.8495     5.8775 -9.990e-29
       3927      1.506    14.5934    14.4635   2.866734   2.843662     2.8226     2.7598     0.0064  0.2173804      1.492    22.6063    22.4810     6.8491     5.8775 -9.990e-29
       3928      1.521    14.5819    14.4633   2.864627   2.843560     2.8218     2.7592     0.0064  0.2176883      1.507    22.5947    22.4802     6.8491     5.8777 -9.990e-29
       3929      1.536    14.5710    14.4633   2.862635   2.843485     2.8209     2.7587     0.0064  0.2180021      1.522    22.5837    22.4795     6.8488     5.8783 -9.990e-29
       3930      1.552    14.5608    14.4635   2.860757   2.843440     2.8201     2.7581     0.0064  0.2183239      1.537    22.5733    22.4790     6.8490     5.8789 -9.990e-29
       3931      1.568    14.5512    14.4639   2.858991   2.843428     2.8192     2.7576     0.0064  0.2186560      1.553    22.5635    22.4787     6.8490     5.8798 -9.990e-29
       3932      1.584    14.5423    14.4645   2.857339   2.843453     2.8184     2.7571     0.0064  0.2190007      1.569    22.5543    22.4785     6.8493     5.8809 -9.990e-29
       3933      1.601    14.5340    14.4654   2.855799   2.843518     2.8176     2.7566     0.0064  0.2193604      1.586    22.5457    22.4786     6.8498     5.8821 -9.990e-29
       3934      1.618    14.5263    14.4665   2.854366   2.843624     2.8169     2.7562     0.0064  0.2197376      1.603    22.5377    22.4789     6.8507     5.8837 -9.990e-29
       3935      1.634    14.5192    14.4679   2.853036   2.843772     2.8161     2.7557     0.0064  0.2201348      1.619    22.5302    22.4793     6.8514     5.8852 -9.990e-29
       3936      1.651    14.5125    14.4695   2.851803   2.843966     2.8154     2.7554     0.0064  0.2205550      1.636    22.5234    22.4801     6.8525     5.8873 -9.990e-29
       3937      1.668    14.5064    14.4714   2.850663   2.844206     2.8147     2.7550     0.0064  0.2210010      1.652    22.5170    22.4811     6.8538     5.8892 -9.990e-29
       3938      1.685    14.5008    14.4734   2.849611   2.844489     2.8140     2.7547     0.0070  0.2214639      1.669    22.5111    22.4824     6.8552     5.8915 -9.990e-29
       3939      1.702    14.4956    14.4755   2.848641   2.844806     2.8134     2.7545     0.0073  0.2219157      1.686    22.5057    22.4839     6.8570     5.8942 -9.990e-29
       3940      1.719    14.4908    14.4778   2.847748   2.845153     2.8128     2.7542     0.0073  0.2223305      1.703    22.5007    22.4856     6.8589     5.8967 -9.990e-29
       3941      1.736    14.4865    14.4802   2.846927   2.845530     2.8122     2.7541     0.0073  0.2227011      1.720    22.4960    22.4875     6.8610     5.8998 -9.990e-29
       3942      1.754    14.4825    14.4829   2.846173   2.845945     2.8116     2.7540     0.0073  0.2230301      1.738    22.4918    22.4895     6.8632     5.9030 -9.990e-29
       3943      1.772    14.4788    14.4858   2.845483   2.846398     2.8111     2.7539     0.0073  0.2233205      1.755    22.4879    22.4918     6.8658     5.9062 -9.990e-29
       3944      1.789    14.4755    14.4887   2.844852   2.846881     2.8106     2.7539     0.0073  0.2235744      1.772    22.4843    22.4943     6.8685     5.9097 -9.990e-29
       3945      1.806    14.4725    14.4916   2.844278   2.847376     2.8102     2.7539     0.0073  0.2237936      1.789    22.4810    22.4969     6.8716     5.9132 -9.990e-29
       3946      1.824    14.4698    14.4945   2.843759   2.847867     2.8097     2.7540     0.0073  0.2239795      1.807    22.4781    22.4995     6.8746     5.9171 -9.990e-29
       3947      1.842    14.4675    14.4972   2.843293   2.848342     2.8093     2.7541     0.0073  0.2241336      1.825    22.4753    22.5021     6.8779     5.9210 -9.990e-29
       3948      1.859    14.4654    14.4997   2.842878   2.848800     2.8089     2.7543     0.0073  0.2242568      1.842    22.4729    22.5046     6.8813     5.9251 -9.990e-29
       3949      1.877    14.4636    14.5021   2.842514   2.849239     2.8086     2.7545     0.0073  0.2243500      1.859    22.4708    22.5071     6.8852     5.9293 -9.990e-29
       3950      1.895    14.4622    14.5042   2.842200   2.849651     2.8082     2.7547     0.0073  0.2244139      1.877    22.4689    22.5094     6.8887     5.9335 -9.990e-29
       3951      1.913    14.4610    14.5060   2.841933   2.850028     2.8079     2.7550     0.0073  0.2244488      1.895    22.4672    22.5117     6.8926     5.9380 -9.990e-29
       3952      1.931    14.4600    14.5076   2.841713   2.850362     2.8076     2.7553     0.0073  0.2244552      1.913    22.4659    22.5136     6.8966     5.9425 -9.990e-29
       3953      1.949    14.4594    14.5090   2.841538   2.850653     2.8074     2.7557     0.0073  0.2244329      1.931    22.4647    22.5153     6.9010     5.9472 -9.990e-29
       3954      1.967    14.4589    14.5103   2.841406   2.850914     2.8072     2.7561     0.0073  0.2243818      1.949    22.4639    22.5169     6.9054     5.9519 -9.990e-29
       3955      1.985    14.4587    14.5117   2.841313   2.851162     2.8070     2.7565     0.0073  0.2243016      1.966    22.4632    22.5182     6.9098     5.9565 -9.990e-29
       3956      2.003    14.4587    14.5131   2.841258   2.851415     2.8068     2.7570     0.0073  0.2241918      1.984    22.4627    22.5196     6.9143     5.9613 -9.990e-29
       3957      2.021    14.4589    14.5146   2.841235   2.851684     2.8067     2.7575     0.0073  0.2240515      2.002    22.4624    22.5210     6.9191     5.9660 -9.990e-29
       3958      2.039    14.4593    14.5161   2.841245   2.851967     2.8066     2.7580     0.0073  0.2238798      2.020    22.4622    22.5226     6.9239     5.9705 -9.990e-29
       3959      2.057    14.4599    14.5175   2.841288   2.852258     2.8066     2.7586     0.0073  0.2236755      2.038    22.4622    22.5243     6.9292     5.9753 -9.990e-29
       3960      2.076    14.4607    14.5188   2.841363   2.852550     2.8066     2.7592     0.0073  0.2234371      2.057    22.4624    22.5261     6.9344     5.9799 -9.990e-29
       3961      2.094    14.4616    14.5200   2.841470   2.852833     2.8067     2.7599     0.0073  0.2231630      2.074    22.4628    22.5279     6.9399     5.9847 -9.990e-29
       3962      2.112    14.4626    14.5211   2.841604   2.853102     2.8067     2.7606     0.0073  0.2228514      2.092    22.4634    22.5296     6.9452     5.9894 -9.990e-29
       3963      2.130    14.4635    14.5220   2.841753   2.853352     2.8069     2.7613     0.0071  0.2225042      2.110    22.4642    22.5312     6.9512     5.9940 -9.990e-29
       3964      2.149    14.4642    14.5227   2.841902   2.853576     2.8070     2.7620     0.0070  0.2221387      2.129    22.4651    22.5328     6.9569     5.9986 -9.990e-29
       3965      2.167    14.4647    14.5232   2.842038   2.853770     2.8073     2.7628     0.0068  0.2217819      2.147    22.4660    22.5342     6.9632     6.0032 -9.990e-29
       3966      2.185    14.4649    14.5235   2.842153   2.853929     2.8075     2.7636     0.0068  0.2214492      2.165    22.4668    22.5354     6.9694     6.0078 -9.990e-29
       3967      2.204    14.4651    14.5237   2.842249   2.854050     2.8079     2.7645     0.0068  0.2211418      2.183    22.4675    22.5363     6.9761     6.0126 -9.990e-29
       3968      2.222    14.4653    14.5236   2.842338   2.854134     2.8082     2.7653     0.0068  0.2208575      2.201    22.4682    22.5371     6.9826     6.0169 -9.990e-29
       3969      2.240    14.4656    14.5234   2.842428   2.854183     2.8086     2.7662     0.0068  0.2205943      2.219    22.4688    22.5376     6.9893     6.0215 -9.990e-29
       3970      2.259    14.4660    14.5230   2.842525   2.854202     2.8091     2.7671     0.0068  0.2203503      2.238    22.4694    22.5380     6.9963     6.0259 -9.990e-29
       3971      2.278    14.4665    14.5224   2.842637   2.854191     2.8096     2.7679     0.0068  0.2201240      2.257    22.4701    22.5383     7.0032     6.0299 -9.990e-29
       3972      2.297    14.4673    14.5216   2.842771   2.854148     2.8102     2.7688     0.0068  0.2199136      2.276    22.4708    22.5383     7.0104     6.0341 -9.990e-29
       3973      2.316    14.4683    14.5207   2.842936   2.854072     2.8108     2.7697     0.0068  0.2197178      2.294    22.4716    22.5382     7.0174     6.0382 -9.990e-29
       3974      2.335    14.4697    14.5196   2.843143   2.853966     2.8114     2.7707     0.0068  0.2195352      2.313    22.4726    22.5379     7.0244     6.0424 -9.990e-29
       3975      2.354    14.4714    14.5186   2.843401   2.853841     2.8121     2.7716     0.0068  0.2193645      2.332    22.4739    22.5374     7.0315     6.0462 -9.990e-29
       3976      2.373    14.4735    14.5178   2.843716   2.853715     2.8128     2.7725     0.0068  0.2192045      2.351    22.4754    22.5367     7.0384     6.0498 -9.990e-29
       3977      2.393    14.4760    14.5173   2.844095   2.853615     2.8136     2.7735     0.0068  0.2190541      2.371    22.4773    22.5362     7.0454     6.0535 -9.990e-29
