data/2021/ctd_data_day1/Station 1 ex 210921_ctm_fil_le.cnv
* Sea-Bird SBE 9 Data File:
* FileName = C:\Users\CTD-User\Desktop\MAR440\Station 1 ex 210921.hex
* Software Version Seasave V 7.26.2.13
* Temperature SN = 6313
* Conductivity SN = 4758
* Number of Bytes Per Scan = 30
* Number of Voltage Words = 4
* Number of Scans Averaged by the Deck Unit = 1
* NMEA baud rate = 4800
** Ship:
** Station:
** Operator:
# nquan = 11
# nvalues = 3592                        
# units = specified
# name 0 = scan: Scan Count
# name 1 = prDM: Pressure, Digiquartz [db]
# name 2 = t090C: Temperature [ITS-90, deg C]
# name 3 = t190C: Temperature, 2 [ITS-90, deg C]
# name 4 = c0S/m: Conductivity [S/m]
# name 5 = c1S/m: Conductivity, 2 [S/m]
# name 6 = sbeox0V: Oxygen raw, SBE 43 [V]
# name 7 = sbeox1V: Oxygen raw, SBE 43, 2 [V]
# name 8 = flECO-AFL: Fluorescence, WET Labs ECO-AFL/FL [mg/m^3]
# name 9 = upoly0: Upoly 0, Turbidity
# name 10 = flag:  0.000e+00
# span 0 =          1,       3592       
# span 1 =      0.209,     30.533       
# span 2 =     7.9664,    16.1288       
# span 3 =     7.9555,    16.1351       
# span 4 =   2.884986,   3.768774       
# span 5 =   2.872738,   3.769854       
# span 6 =     0.6778,     2.8827       
# span 7 =     0.7295,     2.7937       
# span 8 =     0.0035,     0.1207       
# span 9 =  0.0866592,  0.1704992       
# span 10 = 0.0000e+00, 0.0000e+00      
# interval = seconds: 0.0416667
# start_time = Sep 21 2021 11:23:14 [System UTC, header]
# bad_flag = -9.990e-29
*END*
[from data line 656]
        657      6.460    14.9843    14.5652   2.892262   2.880499     2.2475     2.5125     0.0046  0.1582979 -9.990e-29
        658      6.439    14.9832    14.5588   2.892261   2.880509     2.2474     2.5109     0.0042  0.1586655 -9.990e-29
        659      6.418    14.9821    14.5512   2.892261   2.880514     2.2474     2.5093     0.0042  0.1590275 -9.990e-29
        660      6.397    14.9809    14.5425   2.892261   2.880515     2.2473     2.5077     0.0042  0.1593662 -9.990e-29
        661      6.377    14.9797    14.5328   2.892260   2.880512     2.2472     2.5060     0.0042  0.1596787 -9.990e-29
        662      6.356    14.9784    14.5223   2.892258   2.880507     2.2472     2.5044     0.0042  0.1599673 -9.990e-29
        663      6.336    14.9770    14.5112   2.892255   2.880499     2.2471     2.5027     0.0042  0.1602348 -9.990e-29
        664      6.315    14.9754    14.4997   2.892251   2.880491     2.2470     2.5010     0.0042  0.1604839 -9.990e-29
        665      6.294    14.9737    14.4881   2.892246   2.880483     2.2469     2.4993     0.0042  0.1607163 -9.990e-29
        666      6.273    14.9718    14.4768   2.892240   2.880477     2.2468     2.4976     0.0042  0.1609338 -9.990e-29
        667      6.252    14.9700    14.4660   2.892235   2.880473     2.2467     2.4959     0.0042  0.1611368 -9.990e-29
        668      6.232    14.9683    14.4559   2.892230   2.880473     2.2466     2.4942     0.0042  0.1613260 -9.990e-29
        669      6.211    14.9668    14.4464   2.892227   2.880476     2.2465     2.4924     0.0042  0.1615027 -9.990e-29
        670      6.190    14.9657    14.4374   2.892226   2.880482     2.2464     2.4907     0.0042  0.1616682 -9.990e-29
        671      6.169    14.9650    14.4287   2.892227   2.880491     2.2462     2.4889     0.0042  0.1618236 -9.990e-29
        672      6.148    14.9646    14.4205   2.892230   2.880501     2.2461     2.4872     0.0042  0.1619699 -9.990e-29
        673      6.127    14.9646    14.4123   2.892236   2.880513     2.2460     2.4854     0.0042  0.1621082 -9.990e-29
        674      6.105    14.9649    14.4039   2.892243   2.880524     2.2458     2.4836     0.0042  0.1622394 -9.990e-29
        675      6.084    14.9654    14.3951   2.892251   2.880535     2.2457     2.4819     0.0042  0.1623654 -9.990e-29
        676      6.063    14.9660    14.3858   2.892260   2.880545     2.2455     2.4801     0.0042  0.1624878 -9.990e-29
        677      6.042    14.9666    14.3762   2.892269   2.880554     2.2453     2.4783     0.0042  0.1626066 -9.990e-29
        678      6.021    14.9672    14.3663   2.892278   2.880563     2.2452     2.4766     0.0042  0.1627227 -9.990e-29
        679      6.000    14.9677    14.3563   2.892287   2.880572     2.2450     2.4748     0.0042  0.1628377 -9.990e-29
        680      5.978    14.9681    14.3463   2.892294   2.880583     2.2448     2.4730     0.0042  0.1629516 -9.990e-29
        681      5.957    14.9683    14.3366   2.892300   2.880594     2.2446     2.4713     0.0042  0.1630651 -9.990e-29
        682      5.936    14.9684    14.3273   2.892305   2.880608     2.2444     2.4695     0.0042  0.1631800 -9.990e-29
        683      5.915    14.9682    14.3185   2.892310   2.880625     2.2442     2.4677     0.0042  0.1632952 -9.990e-29
        684      5.894    14.9679    14.3102   2.892314   2.880645     2.2440     2.4660     0.0042  0.1634074 -9.990e-29
        685      5.872    14.9675    14.3025   2.892317   2.880668     2.2438     2.4642     0.0042  0.1635123 -9.990e-29
        686      5.851    14.9668    14.2955   2.892320   2.880694     2.2435     2.4625     0.0042  0.1636080 -9.990e-29
        687      5.830    14.9659    14.2890   2.892323   2.880723     2.2433     2.4607     0.0042  0.1636951 -9.990e-29
        688      5.808    14.9646    14.2832   2.892325   2.880755     2.2431     2.4590     0.0042  0.1637735 -9.990e-29
        689      5.787    14.9631    14.2780   2.892327   2.880790     2.2428     2.4572     0.0042  0.1638429 -9.990e-29
        690      5.766    14.9611    14.2733   2.892329   2.880828     2.2426     2.4555     0.0042  0.1639036 -9.990e-29
        691      5.744    14.9586    14.2693   2.892330   2.880869     2.2423     2.4538     0.0042  0.1639563 -9.990e-29
        692      5.723    14.9556    14.2659   2.892330   2.880913     2.2420     2.4521     0.0042  0.1640011 -9.990e-29
        693      5.702    14.9522    14.2628   2.892329   2.880958     2.2418     2.4504     0.0042  0.1640384 -9.990e-29
        694      5.680    14.9483    14.2598   2.892326   2.881003     2.2415     2.4487     0.0042  0.1640686 -9.990e-29
        695      5.659    14.9439    14.2562   2.892322   2.881047     2.2412     2.4470     0.0042  0.1640926 -9.990e-29
        696      5.637    14.9394    14.2518   2.892316   2.881087     2.2409     2.4453     0.0042  0.1641114 -9.990e-29
        697      5.616    14.9346    14.2467   2.892310   2.881124     2.2407     2.4436     0.0042  0.1641244 -9.990e-29
        698      5.595    14.9300    14.2410   2.892302   2.881157     2.2404     2.4420     0.0042  0.1641316 -9.990e-29
        699      5.574    14.9255    14.2349   2.892296   2.881190     2.2401     2.4403     0.0042  0.1641340 -9.990e-29
        700      5.552    14.9213    14.2289   2.892291   2.881222     2.2397     2.4387     0.0042  0.1641306 -9.990e-29
        701      5.531    14.9173    14.2231   2.892287   2.881255     2.2394     2.4371     0.0042  0.1641215 -9.990e-29
        702      5.510    14.9135    14.2176   2.892284   2.881288     2.2391     2.4355     0.0042  0.1641075 -9.990e-29
        703      5.488    14.9098    14.2126   2.892282   2.881322     2.2388     2.4339     0.0042  0.1640876 -9.990e-29
        704      5.467    14.9061    14.2079   2.892282   2.881357     2.2384     2.4323     0.0042  0.1640617 -9.990e-29
        705      5.446    14.9025    14.2037   2.892282   2.881392     2.2381     2.4307     0.0042  0.1640304 -9.990e-29
        706      5.425    14.8990    14.1999   2.892283   2.881430     2.2378     2.4291     0.0042  0.1639927 -9.990e-29
        707      5.403    14.8957    14.1965   2.892286   2.881468     2.2374     2.4276     0.0042  0.1639483 -9.990e-29
        708      5.382    14.8928    14.1935   2.892291   2.881506     2.2371     2.4260     0.0042  0.1638986 -9.990e-29
        709      5.361    14.8903    14.1909   2.892298   2.881545     2.2367     2.4245     0.0042  0.1638458 -9.990e-29
        710      5.340    14.8883    14.1886   2.892308   2.881584     2.2364     2.4230     0.0042  0.1637930 -9.990e-29
        711      5.319    14.8868    14.1869   2.892321   2.881624     2.2360     2.4214     0.0042  0.1637423 -9.990e-29
        712      5.298    14.8859    14.1857   2.892336   2.881666     2.2356     2.4199     0.0042  0.1636950 -9.990e-29
        713      5.277    14.8855    14.1852   2.892353   2.881709     2.2353     2.4184     0.0042  0.1636509 -9.990e-29
        714      5.256    14.8856    14.1853   2.892371   2.881755     2.2349     2.4169     0.0042  0.1636079 -9.990e-29
        715      5.235    14.8860    14.1862   2.892389   2.881804     2.2345     2.4154     0.0042  0.1635657 -9.990e-29
        716      5.213    14.8868    14.1880   2.892408   2.881855     2.2342     2.4140     0.0042  0.1635249 -9.990e-29
        717      5.192    14.8879    14.1905   2.892427   2.881908     2.2338     2.4125     0.0042  0.1634853 -9.990e-29
        718      5.171    14.8893    14.1939   2.892446   2.881964     2.2334     2.4111     0.0042  0.1634473 -9.990e-29
        719      5.150    14.8909    14.1981   2.892464   2.882023     2.2331     2.4097     0.0042  0.1634107 -9.990e-29
        720      5.129    14.8926    14.2032   2.892483   2.882083     2.2327     2.4082     0.0042  0.1633744 -9.990e-29
        721      5.108    14.8945    14.2091   2.892502   2.882146     2.2323     2.4068     0.0042  0.1633391 -9.990e-29
        722      5.087    14.8966    14.2158   2.892521   2.882212     2.2320     2.4054     0.0042  0.1633052 -9.990e-29
        723      5.066    14.8988    14.2234   2.892540   2.882281     2.2316     2.4041     0.0042  0.1632726 -9.990e-29
        724      5.046    14.9012    14.2318   2.892561   2.882351     2.2312     2.4027     0.0042  0.1632411 -9.990e-29
        725      5.025    14.9038    14.2411   2.892582   2.882425     2.2308     2.4013     0.0042  0.1632104 -9.990e-29
        726      5.004    14.9065    14.2513   2.892606   2.882502     2.2304     2.4000     0.0042  0.1631803 -9.990e-29
        727      4.983    14.9095    14.2623   2.892632   2.882581     2.2301     2.3986     0.0042  0.1631497 -9.990e-29
        728      4.962    14.9127    14.2741   2.892660   2.882663     2.2297     2.3973     0.0042  0.1631168 -9.990e-29
        729      4.941    14.9161    14.2865   2.892690   2.882747     2.2293     2.3960     0.0042  0.1630805 -9.990e-29
        730      4.920    14.9197    14.2994   2.892721   2.882832     2.2289     2.3947     0.0042  0.1630405 -9.990e-29
        731      4.899    14.9235    14.3130   2.892754   2.882920     2.2286     2.3934     0.0042  0.1629965 -9.990e-29
        732      4.878    14.9274    14.3274   2.892789   2.883009     2.2282     2.3922     0.0042  0.1629491 -9.990e-29
        733      4.857    14.9314    14.3427   2.892823   2.883102     2.2278     2.3909     0.0042  0.1628996 -9.990e-29
        734      4.836    14.9353    14.3589   2.892858   2.883197     2.2274     2.3897     0.0042  0.1628495 -9.990e-29
        735      4.816    14.9392    14.3757   2.892893   2.883295     2.2271     2.3885     0.0042  0.1628000 -9.990e-29
        736      4.795    14.9429    14.3929   2.892927   2.883393     2.2267     2.3873     0.0042  0.1627533 -9.990e-29
        737      4.774    14.9464    14.4101   2.892960   2.883492     2.2263     2.3861     0.0042  0.1627126 -9.990e-29
        738      4.753    14.9497    14.4273   2.892992   2.883589     2.2260     2.3849     0.0042  0.1626792 -9.990e-29
        739      4.733    14.9528    14.4442   2.893023   2.883685     2.2256     2.3838     0.0042  0.1626513 -9.990e-29
        740      4.712    14.9557    14.4606   2.893051   2.883779     2.2252     2.3826     0.0042  0.1626251 -9.990e-29
        741      4.691    14.9584    14.4765   2.893078   2.883870     2.2248     2.3815     0.0042  0.1625989 -9.990e-29
        742      4.670    14.9608    14.4918   2.893104   2.883958     2.2244     2.3804     0.0042  0.1625725 -9.990e-29
        743      4.650    14.9630    14.5065   2.893128   2.884043     2.2241     2.3793     0.0042  0.1625456 -9.990e-29
        744      4.629    14.9648    14.5205   2.893151   2.884125     2.2237     2.3782     0.0042  0.1625181 -9.990e-29
        745      4.608    14.9664    14.5339   2.893173   2.884204     2.2233     2.3772     0.0042  0.1624907 -9.990e-29
        746      4.587    14.9676    14.5466   2.893195   2.884281     2.2229     2.3761     0.0042  0.1624657 -9.990e-29
        747      4.567    14.9685    14.5587   2.893215   2.884355     2.2226     2.3751     0.0042  0.1624437 -9.990e-29
        748      4.546    14.9691    14.5703   2.893234   2.884427     2.2222     2.3741     0.0042  0.1624238 -9.990e-29
        749      4.525    14.9693    14.5814   2.893253   2.884497     2.2218     2.3731     0.0042  0.1624067 -9.990e-29
        750      4.505    14.9691    14.5921   2.893271   2.884565     2.2214     2.3721     0.0042  0.1623932 -9.990e-29
        751      4.484    14.9685    14.6026   2.893288   2.884632     2.2211     2.3711     0.0042  0.1623822 -9.990e-29
        752      4.464    14.9675    14.6129   2.893304   2.884698     2.2207     2.3702     0.0042  0.1623720 -9.990e-29
        753      4.443    14.9661    14.6231   2.893320   2.884763     2.2203     2.3692     0.0042  0.1623616 -9.990e-29
        754      4.422    14.9643    14.6332   2.893335   2.884827     2.2199     2.3683     0.0042  0.1623520 -9.990e-29
        755      4.402    14.9622    14.6429   2.893350   2.884890     2.2195     2.3673     0.0042  0.1623454 -9.990e-29
        756      4.381    14.9597    14.6521   2.893363   2.884951     2.2192     2.3664     0.0042  0.1623420 -9.990e-29
        757      4.361    14.9568    14.6605   2.893376   2.885008     2.2188     2.3655     0.0042  0.1623391 -9.990e-29
        758      4.341    14.9536    14.6681   2.893387   2.885062     2.2184     2.3646     0.0042  0.1623367 -9.990e-29
        759      4.320    14.9502    14.6750   2.893397   2.885114     2.2180     2.3637     0.0042  0.1623347 -9.990e-29
        760      4.300    14.9467    14.6811   2.893407   2.885162     2.2177     2.3628     0.0042  0.1623324 -9.990e-29
        761      4.280    14.9430    14.6866   2.893416   2.885207     2.2173     2.3619     0.0042  0.1623297 -9.990e-29
        762      4.259    14.9393    14.6914   2.893424   2.885249     2.2169     2.3611     0.0042  0.1623265 -9.990e-29
        763      4.239    14.9355    14.6956   2.893432   2.885289     2.2165     2.3602     0.0042  0.1623230 -9.990e-29
        764      4.219    14.9316    14.6990   2.893440   2.885325     2.2161     2.3593     0.0042  0.1623181 -9.990e-29
        765      4.199    14.9275    14.7015   2.893446   2.885358     2.2158     2.3585     0.0042  0.1623110 -9.990e-29
        766      4.179    14.9233    14.7030   2.893452   2.885387     2.2154     2.3576     0.0042  0.1623017 -9.990e-29
        767      4.159    14.9191    14.7036   2.893458   2.885411     2.2150     2.3568     0.0042  0.1622900 -9.990e-29
        768      4.139    14.9151    14.7031   2.893464   2.885433     2.2146     2.3560     0.0042  0.1622760 -9.990e-29
        769      4.119    14.9112    14.7014   2.893471   2.885449     2.2143     2.3551     0.0042  0.1622603 -9.990e-29
        770      4.099    14.9075    14.6984   2.893478   2.885462     2.2139     2.3543     0.0042  0.1622446 -9.990e-29
        771      4.080    14.9042    14.6942   2.893486   2.885470     2.2135     2.3535     0.0042  0.1622296 -9.990e-29
        772      4.060    14.9012    14.6887   2.893495   2.885473     2.2132     2.3527     0.0042  0.1622152 -9.990e-29
        773      4.040    14.8985    14.6819   2.893506   2.885471     2.2128     2.3518     0.0042  0.1622004 -9.990e-29
        774      4.020    14.8961    14.6739   2.893517   2.885465     2.2124     2.3510     0.0042  0.1621834 -9.990e-29
        775      4.001    14.8937    14.6648   2.893529   2.885456     2.2121     2.3502     0.0042  0.1621642 -9.990e-29
        776      3.981    14.8914    14.6546   2.893540   2.885442     2.2117     2.3493     0.0042  0.1621442 -9.990e-29
        777      3.961    14.8891    14.6435   2.893552   2.885424     2.2114     2.3485     0.0042  0.1621234 -9.990e-29
        778      3.942    14.8868    14.6316   2.893562   2.885404     2.2110     2.3477     0.0042  0.1620999 -9.990e-29
        779      3.922    14.8844    14.6190   2.893572   2.885381     2.2107     2.3469     0.0042  0.1620726 -9.990e-29
        780      3.903    14.8820    14.6060   2.893581   2.885358     2.2103     2.3461     0.0042  0.1620415 -9.990e-29
        781      3.884    14.8794    14.5926   2.893589   2.885333     2.2100     2.3453     0.0042  0.1620071 -9.990e-29
        782      3.864    14.8767    14.5789   2.893597   2.885309     2.2096     2.3445     0.0042  0.1619700 -9.990e-29
        783      3.845    14.8739    14.5650   2.893605   2.885284     2.2093     2.3436     0.0042  0.1619292 -9.990e-29
        784      3.826    14.8710    14.5509   2.893613   2.885260     2.2089     2.3428     0.0042  0.1618834 -9.990e-29
        785      3.806    14.8680    14.5367   2.893620   2.885237     2.2086     2.3420     0.0042  0.1618325 -9.990e-29
        786      3.787    14.8648    14.5226   2.893628   2.885215     2.2083     2.3412     0.0042  0.1617785 -9.990e-29
