data/2021/ctd_data_day1/Station 1 ex 210921_ctm_fil_le.cnv
* Sea-Bird SBE 9 Data File:
* FileName = C:\Users\CTD-User\Desktop\MAR440\Station 1 ex 210921.hex
* Software Version Seasave V 7.26.2.13
* Temperature SN = 6313
* Conductivity SN = 4758
* Number of Bytes Per Scan = 30
* Number of Voltage Words = 4
* Number of Scans Averaged by the Deck Unit = 1
* NMEA baud rate = 4800
** Ship:
** Station:
** Operator:
# nquan = 11
# nvalues = 3592                        
# units = specified
# name 0 = scan: Scan Count
# name 1 = prDM: Pressure, Digiquartz [db]
# name 2 = t090C: Temperature [ITS-90, deg C]
# name 3 = t190C: Temperature, 2 [ITS-90, deg C]
# name 4 = c0S/m: Conductivity [S/m]
# name 5 = c1S/m: Conductivity, 2 [S/m]
# name 6 = sbeox0V: Oxygen raw, SBE 43 [V]
# name 7 = sbeox1V: Oxygen raw, SBE 43, 2 [V]
# name 8 = flECO-AFL: Fluorescence, WET Labs ECO-AFL/FL [mg/m^3]
# name 9 = upoly0: Upoly 0, Turbidity
# name 10 = flag:  0.000e+00
# span 0 =          1,       3592       
# span 1 =      0.209,     30.533       
# span 2 =     7.9664,    16.1288       
# span 3 =     7.9555,    16.1351       
# span 4 =   2.884986,   3.768774       
# span 5 =   2.872738,   3.769854       
# span 6 =     0.6778,     2.8827       
# span 7 =     0.7295,     2.7937       
# span 8 =     0.0035,     0.1207       
# span 9 =  0.0866592,  0.1704992       
# span 10 = 0.0000e+00, 0.0000e+00      
# interval = seconds: 0.0416667
# start_time = Sep 21 2021 11:23:14 [System UTC, header]
# bad_flag = -9.990e-29
*END*
[from data line 263]
        264      5.125    15.0322    14.8199   2.885159   2.889198     2.3126     2.2746     0.0046  0.1647306 -9.990e-29
        265      5.147    15.0319    14.8191   2.885145   2.889188     2.3114     2.2751     0.0046  0.1647582 -9.990e-29
        266      5.169    15.0316    14.8181   2.885132   2.889178     2.3101     2.2756     0.0046  0.1647844 -9.990e-29
        267      5.191    15.0313    14.8168   2.885119   2.889167     2.3089     2.2761     0.0046  0.1648112 -9.990e-29
        268      5.213    15.0309    14.8154   2.885107   2.889156     2.3076     2.2766     0.0046  0.1648395 -9.990e-29
        269      5.235    15.0306    14.8139   2.885096   2.889143     2.3064     2.2772     0.0046  0.1648687 -9.990e-29
        270      5.257    15.0303    14.8122   2.885084   2.889131     2.3052     2.2778     0.0046  0.1648982 -9.990e-29
        271      5.279    15.0301    14.8105   2.885073   2.889118     2.3039     2.2783     0.0046  0.1649282 -9.990e-29
        272      5.301    15.0298    14.8086   2.885062   2.889105     2.3027     2.2789     0.0046  0.1649579 -9.990e-29
        273      5.323    15.0296    14.8066   2.885051   2.889092     2.3015     2.2795     0.0046  0.1649869 -9.990e-29
        274      5.346    15.0293    14.8044   2.885041   2.889079     2.3003     2.2801     0.0046  0.1650161 -9.990e-29
        275      5.368    15.0291    14.8022   2.885031   2.889066     2.2991     2.2807     0.0048  0.1650474 -9.990e-29
        276      5.390    15.0288    14.7999   2.885022   2.889054     2.2979     2.2814     0.0049  0.1650811 -9.990e-29
        277      5.413    15.0285    14.7976   2.885014   2.889042     2.2968     2.2820     0.0048  0.1651156 -9.990e-29
        278      5.435    15.0282    14.7954   2.885007   2.889030     2.2956     2.2826     0.0048  0.1651505 -9.990e-29
        279      5.458    15.0279    14.7931   2.885001   2.889019     2.2944     2.2832     0.0048  0.1651867 -9.990e-29
        280      5.480    15.0276    14.7910   2.884996   2.889009     2.2932     2.2839     0.0049  0.1652262 -9.990e-29
        281      5.503    15.0273    14.7890   2.884992   2.889000     2.2921     2.2845     0.0049  0.1652693 -9.990e-29
        282      5.526    15.0269    14.7871   2.884990   2.888992     2.2909     2.2851     0.0048  0.1653155 -9.990e-29
        283      5.548    15.0265    14.7854   2.884988   2.888986     2.2898     2.2858     0.0048  0.1653650 -9.990e-29
        284      5.571    15.0262    14.7838   2.884986   2.888980     2.2887     2.2864     0.0049  0.1654174 -9.990e-29
        285      5.594    15.0258    14.7822   2.884986   2.888975     2.2876     2.2870     0.0048  0.1654722 -9.990e-29
        286      5.617    15.0254    14.7807   2.884987   2.888972     2.2865     2.2877     0.0049  0.1655306 -9.990e-29
        287      5.640    15.0250    14.7792   2.884988   2.888969     2.2853     2.2883     0.0048  0.1655938 -9.990e-29
        288      5.663    15.0245    14.7777   2.884990   2.888967     2.2842     2.2889     0.0046  0.1656615 -9.990e-29
        289      5.686    15.0241    14.7762   2.884993   2.888966     2.2832     2.2895     0.0048  0.1657333 -9.990e-29
        290      5.709    15.0236    14.7748   2.884996   2.888966     2.2821     2.2901     0.0048  0.1658105 -9.990e-29
        291      5.732    15.0231    14.7734   2.885000   2.888968     2.2810     2.2907     0.0049  0.1658953 -9.990e-29
        292      5.755    15.0226    14.7720   2.885006   2.888970     2.2799     2.2913     0.0048  0.1659893 -9.990e-29
        293      5.778    15.0220    14.7706   2.885013   2.888975     2.2788     2.2919     0.0048  0.1660921 -9.990e-29
        294      5.801    15.0214    14.7691   2.885021   2.888981     2.2778     2.2925     0.0048  0.1662029 -9.990e-29
        295      5.825    15.0208    14.7676   2.885030   2.888988     2.2767     2.2930     0.0048  0.1663224 -9.990e-29
        296      5.848    15.0201    14.7661   2.885042   2.888996     2.2757     2.2936     0.0048  0.1664531 -9.990e-29
        297      5.871    15.0195    14.7645   2.885054   2.889006     2.2746     2.2941     0.0048  0.1665959 -9.990e-29
        298      5.895    15.0189    14.7629   2.885066   2.889017     2.2736     2.2947     0.0049  0.1667502 -9.990e-29
        299      5.918    15.0182    14.7613   2.885079   2.889031     2.2725     2.2952     0.0049  0.1669160 -9.990e-29
        300      5.942    15.0176    14.7596   2.885094   2.889045     2.2715     2.2957     0.0049  0.1670939 -9.990e-29
        301      5.965    15.0170    14.7580   2.885109   2.889062     2.2705     2.2962     0.0053  0.1672773 -9.990e-29
        302      5.989    15.0164    14.7562   2.885124   2.889080     2.2695     2.2967     0.0057  0.1674522 -9.990e-29
        303      6.012    15.0158    14.7544   2.885140   2.889101     2.2685     2.2971     0.0057  0.1676089 -9.990e-29
        304      6.035    15.0152    14.7525   2.885157   2.889123     2.2675     2.2976     0.0055  0.1677457 -9.990e-29
        305      6.059    15.0146    14.7504   2.885173   2.889146     2.2666     2.2980     0.0055  0.1678638 -9.990e-29
        306      6.082    15.0139    14.7480   2.885190   2.889171     2.2656     2.2984     0.0057  0.1679648 -9.990e-29
        307      6.106    15.0133    14.7453   2.885207   2.889197     2.2646     2.2989     0.0057  0.1680510 -9.990e-29
        308      6.130    15.0127    14.7423   2.885224   2.889224     2.2637     2.2993     0.0055  0.1681231 -9.990e-29
        309      6.153    15.0121    14.7389   2.885241   2.889251     2.2627     2.2997     0.0055  0.1681799 -9.990e-29
        310      6.177    15.0116    14.7351   2.885258   2.889278     2.2618     2.3001     0.0057  0.1682217 -9.990e-29
        311      6.200    15.0110    14.7309   2.885275   2.889304     2.2609     2.3004     0.0057  0.1682506 -9.990e-29
        312      6.224    15.0104    14.7262   2.885293   2.889329     2.2600     2.3008     0.0057  0.1682676 -9.990e-29
        313      6.248    15.0099    14.7211   2.885310   2.889353     2.2591     2.3011     0.0057  0.1682729 -9.990e-29
        314      6.272    15.0094    14.7157   2.885327   2.889376     2.2582     2.3014     0.0055  0.1682655 -9.990e-29
        315      6.296    15.0090    14.7099   2.885345   2.889399     2.2573     2.3018     0.0057  0.1682447 -9.990e-29
        316      6.319    15.0087    14.7039   2.885362   2.889421     2.2564     2.3021     0.0057  0.1682111 -9.990e-29
        317      6.343    15.0083    14.6976   2.885379   2.889445     2.2556     2.3024     0.0055  0.1681645 -9.990e-29
        318      6.367    15.0081    14.6912   2.885396   2.889469     2.2547     2.3027     0.0055  0.1681029 -9.990e-29
        319      6.391    15.0078    14.6848   2.885412   2.889496     2.2539     2.3030     0.0055  0.1680249 -9.990e-29
        320      6.415    15.0077    14.6785   2.885428   2.889525     2.2530     2.3033     0.0055  0.1679309 -9.990e-29
        321      6.439    15.0075    14.6723   2.885444   2.889557     2.2522     2.3035     0.0055  0.1678211 -9.990e-29
        322      6.462    15.0074    14.6662   2.885458   2.889590     2.2514     2.3038     0.0055  0.1676939 -9.990e-29
        323      6.486    15.0073    14.6603   2.885473   2.889624     2.2506     2.3041     0.0057  0.1675484 -9.990e-29
        324      6.510    15.0072    14.6546   2.885488   2.889659     2.2498     2.3044     0.0057  0.1673852 -9.990e-29
        325      6.534    15.0072    14.6491   2.885502   2.889695     2.2490     2.3046     0.0055  0.1672033 -9.990e-29
        326      6.558    15.0071    14.6439   2.885517   2.889734     2.2482     2.3049     0.0051  0.1670048 -9.990e-29
        327      6.581    15.0072    14.6389   2.885531   2.889775     2.2475     2.3051     0.0046  0.1668018 -9.990e-29
        328      6.605    15.0072    14.6341   2.885544   2.889817     2.2467     2.3054     0.0046  0.1666075 -9.990e-29
        329      6.629    15.0073    14.6294   2.885556   2.889861     2.2460     2.3057     0.0046  0.1664264 -9.990e-29
        330      6.653    15.0073    14.6248   2.885568   2.889906     2.2452     2.3059     0.0046  0.1662572 -9.990e-29
        331      6.677    15.0074    14.6205   2.885580   2.889953     2.2445     2.3062     0.0046  0.1660979 -9.990e-29
        332      6.700    15.0075    14.6164   2.885591   2.889999     2.2438     2.3064     0.0046  0.1659474 -9.990e-29
        333      6.724    15.0076    14.6126   2.885602   2.890046     2.2431     2.3066     0.0046  0.1658039 -9.990e-29
        334      6.748    15.0076    14.6092   2.885613   2.890093     2.2424     2.3069     0.0046  0.1656663 -9.990e-29
        335      6.772    15.0077    14.6062   2.885625   2.890140     2.2417     2.3071     0.0046  0.1655344 -9.990e-29
        336      6.796    15.0077    14.6036   2.885635   2.890189     2.2410     2.3074     0.0046  0.1654066 -9.990e-29
        337      6.819    15.0078    14.6013   2.885647   2.890240     2.2403     2.3077     0.0046  0.1652820 -9.990e-29
        338      6.843    15.0078    14.5994   2.885659   2.890294     2.2397     2.3079     0.0046  0.1651605 -9.990e-29
        339      6.867    15.0079    14.5980   2.885672   2.890349     2.2390     2.3082     0.0046  0.1650413 -9.990e-29
        340      6.890    15.0080    14.5969   2.885685   2.890407     2.2383     2.3085     0.0046  0.1649244 -9.990e-29
        341      6.914    15.0081    14.5963   2.885698   2.890468     2.2377     2.3088     0.0046  0.1648098 -9.990e-29
        342      6.938    15.0082    14.5961   2.885712   2.890531     2.2371     2.3091     0.0046  0.1646960 -9.990e-29
        343      6.961    15.0083    14.5962   2.885727   2.890596     2.2364     2.3094     0.0046  0.1645812 -9.990e-29
        344      6.985    15.0083    14.5967   2.885742   2.890664     2.2358     2.3097     0.0046  0.1644646 -9.990e-29
        345      7.008    15.0084    14.5973   2.885758   2.890733     2.2352     2.3100     0.0046  0.1643447 -9.990e-29
        346      7.032    15.0085    14.5980   2.885775   2.890803     2.2346     2.3103     0.0046  0.1642205 -9.990e-29
        347      7.055    15.0085    14.5987   2.885793   2.890874     2.2340     2.3107     0.0046  0.1640929 -9.990e-29
        348      7.079    15.0084    14.5996   2.885811   2.890946     2.2334     2.3110     0.0046  0.1639610 -9.990e-29
        349      7.102    15.0083    14.6006   2.885829   2.891018     2.2328     2.3114     0.0046  0.1638231 -9.990e-29
        350      7.125    15.0081    14.6019   2.885849   2.891092     2.2322     2.3118     0.0046  0.1636790 -9.990e-29
        351      7.149    15.0078    14.6035   2.885869   2.891167     2.2317     2.3122     0.0046  0.1635286 -9.990e-29
        352      7.172    15.0074    14.6053   2.885889   2.891244     2.2311     2.3126     0.0046  0.1633742 -9.990e-29
        353      7.196    15.0071    14.6075   2.885910   2.891321     2.2306     2.3130     0.0046  0.1632216 -9.990e-29
        354      7.219    15.0067    14.6099   2.885932   2.891399     2.2300     2.3134     0.0046  0.1630747 -9.990e-29
        355      7.242    15.0063    14.6126   2.885955   2.891477     2.2295     2.3139     0.0046  0.1629360 -9.990e-29
        356      7.266    15.0059    14.6155   2.885979   2.891556     2.2289     2.3143     0.0046  0.1628054 -9.990e-29
        357      7.289    15.0056    14.6185   2.886004   2.891635     2.2284     2.3148     0.0046  0.1626811 -9.990e-29
        358      7.312    15.0052    14.6215   2.886030   2.891715     2.2279     2.3153     0.0046  0.1625622 -9.990e-29
        359      7.335    15.0049    14.6245   2.886058   2.891795     2.2273     2.3159     0.0046  0.1624470 -9.990e-29
        360      7.358    15.0046    14.6274   2.886086   2.891874     2.2268     2.3164     0.0046  0.1623331 -9.990e-29
        361      7.381    15.0043    14.6301   2.886116   2.891950     2.2263     2.3169     0.0046  0.1622196 -9.990e-29
        362      7.404    15.0040    14.6328   2.886147   2.892024     2.2258     2.3175     0.0046  0.1621084 -9.990e-29
        363      7.427    15.0038    14.6355   2.886178   2.892097     2.2253     2.3181     0.0046  0.1619986 -9.990e-29
        364      7.450    15.0035    14.6381   2.886211   2.892168     2.2248     2.3187     0.0046  0.1618861 -9.990e-29
        365      7.473    15.0033    14.6407   2.886243   2.892238     2.2243     2.3193     0.0046  0.1617684 -9.990e-29
        366      7.496    15.0030    14.6433   2.886277   2.892305     2.2238     2.3199     0.0046  0.1616446 -9.990e-29
        367      7.518    15.0028    14.6458   2.886311   2.892371     2.2233     2.3206     0.0046  0.1615140 -9.990e-29
        368      7.541    15.0027    14.6483   2.886347   2.892436     2.2229     2.3212     0.0046  0.1613773 -9.990e-29
        369      7.564    15.0025    14.6508   2.886383   2.892499     2.2224     2.3219     0.0046  0.1612370 -9.990e-29
        370      7.586    15.0025    14.6534   2.886420   2.892561     2.2219     2.3226     0.0046  0.1610937 -9.990e-29
        371      7.609    15.0026    14.6561   2.886457   2.892621     2.2215     2.3233     0.0046  0.1609465 -9.990e-29
        372      7.631    15.0027    14.6588   2.886495   2.892679     2.2210     2.3240     0.0046  0.1607927 -9.990e-29
        373      7.654    15.0031    14.6616   2.886533   2.892736     2.2206     2.3247     0.0046  0.1606278 -9.990e-29
        374      7.676    15.0036    14.6646   2.886573   2.892792     2.2202     2.3255     0.0046  0.1604506 -9.990e-29
        375      7.699    15.0042    14.6677   2.886613   2.892847     2.2198     2.3262     0.0046  0.1602616 -9.990e-29
        376      7.721    15.0050    14.6710   2.886653   2.892900     2.2194     2.3269     0.0046  0.1600595 -9.990e-29
        377      7.743    15.0060    14.6743   2.886693   2.892952     2.2190     2.3277     0.0046  0.1598480 -9.990e-29
        378      7.766    15.0072    14.6777   2.886734   2.893002     2.2186     2.3284     0.0046  0.1596358 -9.990e-29
        379      7.788    15.0086    14.6811   2.886776   2.893049     2.2182     2.3292     0.0046  0.1594283 -9.990e-29
        380      7.810    15.0103    14.6846   2.886818   2.893095     2.2178     2.3300     0.0046  0.1592273 -9.990e-29
        381      7.832    15.0122    14.6882   2.886861   2.893139     2.2174     2.3308     0.0046  0.1590340 -9.990e-29
        382      7.854    15.0144    14.6919   2.886904   2.893181     2.2170     2.3315     0.0046  0.1588472 -9.990e-29
        383      7.876    15.0169    14.6957   2.886948   2.893222     2.2167     2.3323     0.0046  0.1586645 -9.990e-29
        384      7.898    15.0198    14.6998   2.886994   2.893262     2.2163     2.3331     0.0046  0.1584849 -9.990e-29
        385      7.919    15.0231    14.7041   2.887040   2.893300     2.2159     2.3339     0.0046  0.1583069 -9.990e-29
        386      7.941    15.0268    14.7087   2.887087   2.893338     2.2156     2.3346     0.0046  0.1581294 -9.990e-29
        387      7.963    15.0310    14.7136   2.887134   2.893374     2.2152     2.3354     0.0046  0.1579512 -9.990e-29
        388      7.984    15.0357    14.7188   2.887183   2.893409     2.2149     2.3362     0.0046  0.1577710 -9.990e-29
        389      8.006    15.0409    14.7244   2.887234   2.893443     2.2145     2.3370     0.0046  0.1575884 -9.990e-29
        390      8.027    15.0466    14.7304   2.887285   2.893476     2.2142     2.3377     0.0046  0.1574021 -9.990e-29
        391      8.049    15.0527    14.7367   2.887336   2.893508     2.2139     2.3385     0.0046  0.1572083 -9.990e-29
        392      8.070    15.0593    14.7432   2.887388   2.893538     2.2136     2.3392     0.0046  0.1570048 -9.990e-29
        393      8.091    15.0662    14.7498   2.887441   2.893566     2.2133     2.3399     0.0046  0.1567918 -9.990e-29
