data/2021/ctd_data_day1/Station 4 210921_ctm_fil.cnv
* Sea-Bird SBE 9 Data File:
* FileName = C:\Users\CTD-User\Desktop\MAR440\Station 4 210921.hex
* Software Version Seasave V 7.26.2.13
* Temperature SN = 6313
* Conductivity SN = 4758
* Number of Bytes Per Scan = 30
* Number of Voltage Words = 4
* Number of Scans Averaged by the Deck Unit = 1
* NMEA baud rate = 4800
** Ship:
** Station:
** Operator:
# nquan = 11
# nvalues = 963                         
# units = specified
# name 0 = scan: Scan Count
# name 1 = prDM: Pressure, Digiquartz [db]
# name 2 = t090C: Temperature [ITS-90, deg C]
# name 3 = t190C: Temperature, 2 [ITS-90, deg C]
# name 4 = c0S/m: Conductivity [S/m]
# name 5 = c1S/m: Conductivity, 2 [S/m]
# name 6 = sbeox0V: Oxygen raw, SBE 43 [V]
# name 7 = sbeox1V: Oxygen raw, SBE 43, 2 [V]
# name 8 = flECO-AFL: Fluorescence, WET Labs ECO-AFL/FL [mg/m^3]
# name 9 = upoly0: Upoly 0, Turbidity
# name 10 = flag:  0.000e+00
# span 0 =          1,        963       
# span 1 =      0.567,     10.540       
# span 2 =    11.6500,    15.2378       
# span 3 =    11.6440,    15.0610       
# span 4 =  -0.000120,   2.791269       
# span 5 =   0.026556,   2.797579       
# span 6 =     2.2470,     3.1434       
# span 7 =     2.1801,     2.9063       
# span 8 =     0.0033,     0.0317       
# span 9 =  0.0811493,  0.2341219       
# span 10 = 0.0000e+00, 0.0000e+00      
# interval = seconds: 0.0416667
# start_time = Sep 21 2021 09:52:02 [System UTC, header]
# bad_flag = -9.990e-29
*END*
[from data line 919]
        920      9.971    15.2368    15.0479   2.787034   2.788902     2.2488     2.2175     0.0048  0.1711159 0.0000e+00
        921      9.992    15.2362    15.0469   2.787051   2.788980     2.2487     2.2171     0.0048  0.1703454 0.0000e+00
        922     10.012    15.2353    15.0456   2.787067   2.789060     2.2486     2.2167     0.0048  0.1695989 0.0000e+00
        923     10.033    15.2341    15.0440   2.787083   2.789141     2.2486     2.2163     0.0048  0.1688702 0.0000e+00
        924     10.053    15.2327    15.0423   2.787099   2.789224     2.2485     2.2159     0.0048  0.1681544 0.0000e+00
        925     10.073    15.2310    15.0406   2.787113   2.789311     2.2484     2.2156     0.0048  0.1674463 0.0000e+00
        926     10.093    15.2289    15.0388   2.787125   2.789400     2.2484     2.2152     0.0048  0.1667412 0.0000e+00
        927     10.113    15.2265    15.0370   2.787137   2.789493     2.2483     2.2149     0.0048  0.1660341 0.0000e+00
        928     10.133    15.2236    15.0352   2.787146   2.789588     2.2482     2.2145     0.0048  0.1653200 0.0000e+00
        929     10.153    15.2203    15.0331   2.787155   2.789686     2.2482     2.2142     0.0048  0.1645941 0.0000e+00
        930     10.172    15.2165    15.0308   2.787163   2.789787     2.2481     2.2138     0.0048  0.1638512 0.0000e+00
        931     10.191    15.2125    15.0282   2.787169   2.789891     2.2481     2.2135     0.0048  0.1630862 0.0000e+00
        932     10.210    15.2081    15.0253   2.787174   2.789997     2.2480     2.2132     0.0048  0.1622938 0.0000e+00
        933     10.228    15.2034    15.0218   2.787178   2.790105     2.2480     2.2129     0.0048  0.1614685 0.0000e+00
        934     10.246    15.1985    15.0176   2.787182   2.790214     2.2479     2.2126     0.0046  0.1606044 0.0000e+00
        935     10.265    15.1933    15.0127   2.787185   2.790326     2.2478     2.2123     0.0048  0.1596957 0.0000e+00
        936     10.282    15.1879    15.0069   2.787188   2.790438     2.2478     2.2121     0.0048  0.1587359 0.0000e+00
        937     10.300    15.1822    15.0001   2.787190   2.790552     2.2477     2.2118     0.0048  0.1577185 0.0000e+00
        938     10.317    15.1761    14.9924   2.787191   2.790668     2.2477     2.2115     0.0048  0.1566363 0.0000e+00
        939     10.333    15.1695    14.9838   2.787190   2.790785     2.2476     2.2113     0.0048  0.1554817 0.0000e+00
        940     10.349    15.1624    14.9742   2.787187   2.790905     2.2476     2.2110     0.0048  0.1542469 0.0000e+00
        941     10.364    15.1545    14.9638   2.787181   2.791027     2.2475     2.2108     0.0048  0.1529231 0.0000e+00
        942     10.379    15.1460    14.9526   2.787173   2.791152     2.2475     2.2105     0.0048  0.1515012 0.0000e+00
        943     10.394    15.1366    14.9407   2.787161   2.791281     2.2474     2.2103     0.0051  0.1499917 0.0000e+00
        944     10.408    15.1264    14.9278   2.787146   2.791411     2.2474     2.2101     0.0059  0.1484621 0.0000e+00
        945     10.421    15.1152    14.9141   2.787127   2.791544     2.2473     2.2099     0.0060  0.1470082 0.0000e+00
        946     10.433    15.1030    14.8992   2.787103   2.791678     2.2473     2.2097     0.0060  0.1456790 0.0000e+00
        947     10.445    15.0894    14.8832   2.787075   2.791811     2.2472     2.2095     0.0060  0.1444749 0.0000e+00
        948     10.457    15.0744    14.8658   2.787041   2.791941     2.2472     2.2094     0.0060  0.1433831 0.0000e+00
        949     10.467    15.0577    14.8470   2.787001   2.792066     2.2472     2.2092     0.0060  0.1423927 0.0000e+00
        950     10.477    15.0394    14.8266   2.786955   2.792185     2.2471     2.2090     0.0060  0.1414960 0.0000e+00
        951     10.486    15.0200    14.8045   2.786905   2.792294     2.2471     2.2089     0.0060  0.1406866 0.0000e+00
        952     10.495    14.9998    14.7810   2.786850   2.792394     2.2471     2.2088     0.0060  0.1399598 0.0000e+00
        953     10.502    14.9792    14.7563   2.786793   2.792483     2.2471     2.2086     0.0060  0.1393114 0.0000e+00
        954     10.509    14.9589    14.7313   2.786737   2.792563     2.2471     2.2085     0.0060  0.1387369 0.0000e+00
        955     10.515    14.9391    14.7066   2.786682   2.792634     2.2470     2.2084     0.0060  0.1382323 0.0000e+00
        956     10.521    14.9203    14.6828   2.786628   2.792696     2.2470     2.2083     0.0060  0.1377932 0.0000e+00
        957     10.525    14.9026    14.6603   2.786577   2.792751     2.2470     2.2082     0.0060  0.1374166 0.0000e+00
        958     10.530    14.8864    14.6396   2.786530   2.792800     2.2470     2.2082     0.0060  0.1371016 0.0000e+00
        959     10.533    14.8721    14.6215   2.786488   2.792842     2.2470     2.2081     0.0060  0.1368468 0.0000e+00
        960     10.536    14.8601    14.6066   2.786452   2.792876     2.2470     2.2081     0.0060  0.1366504 0.0000e+00
        961     10.538    14.8509    14.5954   2.786423   2.792901     2.2470     2.2080     0.0060  0.1365111 0.0000e+00
        962     10.539    14.8450    14.5885   2.786405   2.792916     2.2470     2.2080     0.0060  0.1364279 0.0000e+00
        963     10.540    14.8429    14.5861   2.786398   2.792921     2.2470     2.2080     0.0060  0.1364002 0.0000e+00
