data/2021/ctd_data_day1/Station 4 210921_ctm_fil.cnv
* Sea-Bird SBE 9 Data File:
* FileName = C:\Users\CTD-User\Desktop\MAR440\Station 4 210921.hex
* Software Version Seasave V 7.26.2.13
* Temperature SN = 6313
* Conductivity SN = 4758
* Number of Bytes Per Scan = 30
* Number of Voltage Words = 4
* Number of Scans Averaged by the Deck Unit = 1
* NMEA baud rate = 4800
** Ship:
** Station:
** Operator:
# nquan = 11
# nvalues = 963                         
# units = specified
# name 0 = scan: Scan Count
# name 1 = prDM: Pressure, Digiquartz [db]
# name 2 = t090C: Temperature [ITS-90, deg C]
# name 3 = t190C: Temperature, 2 [ITS-90, deg C]
# name 4 = c0S/m: Conductivity [S/m]
# name 5 = c1S/m: Conductivity, 2 [S/m]
# name 6 = sbeox0V: Oxygen raw, SBE 43 [V]
# name 7 = sbeox1V: Oxygen raw, SBE 43, 2 [V]
# name 8 = flECO-AFL: Fluorescence, WET Labs ECO-AFL/FL [mg/m^3]
# name 9 = upoly0: Upoly 0, Turbidity
# name 10 = flag:  0.000e+00
# span 0 =          1,        963       
# span 1 =      0.567,     10.540       
# span 2 =    11.6500,    15.2378       
# span 3 =    11.6440,    15.0610       
# span 4 =  -0.000120,   2.791269       
# span 5 =   0.026556,   2.797579       
# span 6 =     2.2470,     3.1434       
# span 7 =     2.1801,     2.9063       
# span 8 =     0.0033,     0.0317       
# span 9 =  0.0811493,  0.2341219       
# span 10 = 0.0000e+00, 0.0000e+00      
# interval = seconds: 0.0416667
# start_time = Sep 21 2021 09:52:02 [System UTC, header]
# bad_flag = -9.990e-29
*END*
[from data line 787]
        788      7.093    14.8269    14.6429   2.782241   2.783999     2.2682     2.2831     0.0048  0.1733154 0.0000e+00
        789      7.115    14.8309    14.6483   2.782282   2.784025     2.2679     2.2830     0.0048  0.1728504 0.0000e+00
        790      7.136    14.8349    14.6538   2.782323   2.784051     2.2676     2.2828     0.0048  0.1723546 0.0000e+00
        791      7.158    14.8389    14.6593   2.782364   2.784078     2.2673     2.2827     0.0046  0.1718516 0.0000e+00
        792      7.180    14.8429    14.6650   2.782404   2.784105     2.2670     2.2825     0.0048  0.1713754 0.0000e+00
        793      7.202    14.8469    14.6709   2.782445   2.784133     2.2667     2.2822     0.0048  0.1709422 0.0000e+00
        794      7.224    14.8510    14.6769   2.782486   2.784162     2.2664     2.2820     0.0048  0.1705506 0.0000e+00
        795      7.245    14.8550    14.6832   2.782526   2.784192     2.2661     2.2818     0.0046  0.1701971 0.0000e+00
        796      7.267    14.8592    14.6896   2.782567   2.784223     2.2658     2.2815     0.0048  0.1698793 0.0000e+00
        797      7.289    14.8634    14.6963   2.782608   2.784255     2.2655     2.2813     0.0048  0.1695948 0.0000e+00
        798      7.311    14.8676    14.7032   2.782649   2.784287     2.2653     2.2810     0.0048  0.1693418 0.0000e+00
        799      7.332    14.8718    14.7102   2.782691   2.784320     2.2650     2.2807     0.0048  0.1691185 0.0000e+00
        800      7.354    14.8761    14.7174   2.782733   2.784354     2.2647     2.2804     0.0048  0.1689233 0.0000e+00
        801      7.376    14.8802    14.7246   2.782774   2.784388     2.2644     2.2801     0.0048  0.1687549 0.0000e+00
        802      7.398    14.8843    14.7319   2.782815   2.784423     2.2642     2.2798     0.0048  0.1686120 0.0000e+00
        803      7.420    14.8882    14.7393   2.782856   2.784458     2.2639     2.2794     0.0048  0.1684938 0.0000e+00
        804      7.441    14.8919    14.7467   2.782897   2.784493     2.2637     2.2791     0.0048  0.1683993 0.0000e+00
        805      7.463    14.8956    14.7541   2.782938   2.784528     2.2634     2.2787     0.0048  0.1683280 0.0000e+00
        806      7.485    14.8992    14.7615   2.782979   2.784563     2.2632     2.2784     0.0048  0.1682793 0.0000e+00
        807      7.507    14.9027    14.7688   2.783020   2.784597     2.2630     2.2780     0.0048  0.1682528 0.0000e+00
        808      7.529    14.9063    14.7759   2.783061   2.784630     2.2628     2.2776     0.0048  0.1682477 0.0000e+00
        809      7.550    14.9099    14.7827   2.783103   2.784662     2.2626     2.2772     0.0048  0.1682629 0.0000e+00
        810      7.572    14.9135    14.7893   2.783146   2.784693     2.2623     2.2768     0.0048  0.1682994 0.0000e+00
        811      7.594    14.9173    14.7957   2.783190   2.784723     2.2621     2.2764     0.0048  0.1683575 0.0000e+00
        812      7.615    14.9212    14.8020   2.783235   2.784752     2.2619     2.2759     0.0048  0.1684358 0.0000e+00
        813      7.637    14.9252    14.8081   2.783281   2.784781     2.2617     2.2755     0.0048  0.1685350 0.0000e+00
        814      7.658    14.9293    14.8142   2.783329   2.784809     2.2615     2.2751     0.0048  0.1686574 0.0000e+00
        815      7.680    14.9336    14.8201   2.783377   2.784836     2.2613     2.2746     0.0048  0.1688039 0.0000e+00
        816      7.702    14.9380    14.8258   2.783426   2.784863     2.2612     2.2741     0.0046  0.1689695 0.0000e+00
        817      7.724    14.9423    14.8314   2.783476   2.784888     2.2610     2.2737     0.0046  0.1691435 0.0000e+00
        818      7.745    14.9466    14.8367   2.783526   2.784914     2.2608     2.2732     0.0046  0.1693161 0.0000e+00
        819      7.767    14.9507    14.8418   2.783575   2.784938     2.2606     2.2727     0.0046  0.1694842 0.0000e+00
        820      7.789    14.9547    14.8467   2.783624   2.784962     2.2604     2.2722     0.0046  0.1696490 0.0000e+00
        821      7.811    14.9587    14.8513   2.783673   2.784986     2.2603     2.2717     0.0046  0.1698117 0.0000e+00
        822      7.832    14.9626    14.8558   2.783722   2.785008     2.2601     2.2712     0.0046  0.1699733 0.0000e+00
        823      7.854    14.9664    14.8599   2.783770   2.785030     2.2599     2.2707     0.0046  0.1701333 0.0000e+00
        824      7.875    14.9702    14.8638   2.783819   2.785052     2.2598     2.2701     0.0046  0.1702911 0.0000e+00
        825      7.897    14.9739    14.8675   2.783868   2.785073     2.2596     2.2696     0.0046  0.1704496 0.0000e+00
        826      7.919    14.9776    14.8710   2.783917   2.785093     2.2595     2.2691     0.0046  0.1706131 0.0000e+00
        827      7.940    14.9812    14.8744   2.783967   2.785114     2.2593     2.2685     0.0046  0.1707846 0.0000e+00
        828      7.962    14.9848    14.8777   2.784017   2.785134     2.2591     2.2680     0.0046  0.1709635 0.0000e+00
        829      7.984    14.9884    14.8809   2.784066   2.785155     2.2590     2.2674     0.0046  0.1711477 0.0000e+00
        830      8.005    14.9919    14.8840   2.784115   2.785176     2.2588     2.2669     0.0046  0.1713384 0.0000e+00
        831      8.027    14.9953    14.8870   2.784164   2.785198     2.2586     2.2663     0.0046  0.1715388 0.0000e+00
        832      8.049    14.9987    14.8900   2.784211   2.785219     2.2585     2.2657     0.0046  0.1717484 0.0000e+00
        833      8.070    15.0018    14.8928   2.784258   2.785240     2.2583     2.2652     0.0046  0.1719688 0.0000e+00
        834      8.092    15.0048    14.8957   2.784303   2.785261     2.2582     2.2646     0.0046  0.1722049 0.0000e+00
        835      8.115    15.0075    14.8986   2.784347   2.785282     2.2580     2.2640     0.0046  0.1724583 0.0000e+00
        836      8.137    15.0099    14.9016   2.784389   2.785304     2.2579     2.2634     0.0046  0.1727290 0.0000e+00
        837      8.158    15.0123    14.9048   2.784431   2.785327     2.2577     2.2628     0.0046  0.1730190 0.0000e+00
        838      8.180    15.0146    14.9080   2.784472   2.785351     2.2576     2.2622     0.0046  0.1733287 0.0000e+00
        839      8.202    15.0168    14.9112   2.784513   2.785375     2.2575     2.2616     0.0046  0.1736600 0.0000e+00
        840      8.224    15.0191    14.9144   2.784554   2.785398     2.2573     2.2610     0.0046  0.1740188 0.0000e+00
        841      8.246    15.0215    14.9175   2.784594   2.785423     2.2572     2.2604     0.0046  0.1744033 0.0000e+00
        842      8.268    15.0241    14.9206   2.784636   2.785447     2.2570     2.2598     0.0048  0.1747949 0.0000e+00
        843      8.289    15.0270    14.9236   2.784677   2.785473     2.2569     2.2591     0.0048  0.1751700 0.0000e+00
        844      8.311    15.0301    14.9267   2.784718   2.785499     2.2568     2.2585     0.0048  0.1755194 0.0000e+00
        845      8.333    15.0335    14.9297   2.784760   2.785525     2.2567     2.2579     0.0048  0.1758454 0.0000e+00
        846      8.355    15.0372    14.9327   2.784801   2.785552     2.2565     2.2573     0.0048  0.1761512 0.0000e+00
        847      8.377    15.0410    14.9358   2.784843   2.785579     2.2564     2.2567     0.0048  0.1764390 0.0000e+00
        848      8.398    15.0452    14.9389   2.784884   2.785608     2.2563     2.2560     0.0048  0.1767106 0.0000e+00
        849      8.420    15.0496    14.9421   2.784926   2.785637     2.2562     2.2554     0.0048  0.1769681 0.0000e+00
        850      8.442    15.0542    14.9454   2.784968   2.785668     2.2561     2.2548     0.0048  0.1772131 0.0000e+00
        851      8.464    15.0593    14.9489   2.785010   2.785700     2.2560     2.2541     0.0048  0.1774475 0.0000e+00
        852      8.486    15.0646    14.9526   2.785053   2.785733     2.2558     2.2535     0.0048  0.1776728 0.0000e+00
        853      8.508    15.0702    14.9565   2.785096   2.785767     2.2557     2.2529     0.0048  0.1778906 0.0000e+00
        854      8.530    15.0760    14.9605   2.785140   2.785803     2.2556     2.2523     0.0048  0.1781024 0.0000e+00
        855      8.552    15.0818    14.9646   2.785183   2.785839     2.2555     2.2516     0.0048  0.1783097 0.0000e+00
        856      8.573    15.0877    14.9688   2.785225   2.785876     2.2554     2.2510     0.0048  0.1785139 0.0000e+00
        857      8.595    15.0936    14.9733   2.785266   2.785914     2.2553     2.2504     0.0048  0.1787165 0.0000e+00
        858      8.617    15.0996    14.9782   2.785307   2.785954     2.2551     2.2498     0.0048  0.1789189 0.0000e+00
        859      8.639    15.1056    14.9834   2.785347   2.785996     2.2550     2.2491     0.0048  0.1791224 0.0000e+00
        860      8.661    15.1117    14.9888   2.785387   2.786038     2.2549     2.2485     0.0048  0.1793285 0.0000e+00
        861      8.683    15.1177    14.9945   2.785427   2.786081     2.2548     2.2479     0.0048  0.1795386 0.0000e+00
        862      8.705    15.1236    15.0002   2.785464   2.786125     2.2547     2.2473     0.0048  0.1797542 0.0000e+00
        863      8.727    15.1294    15.0060   2.785501   2.786169     2.2546     2.2467     0.0048  0.1799767 0.0000e+00
        864      8.749    15.1350    15.0117   2.785537   2.786214     2.2545     2.2461     0.0048  0.1802078 0.0000e+00
        865      8.771    15.1405    15.0173   2.785572   2.786259     2.2544     2.2455     0.0048  0.1804491 0.0000e+00
        866      8.793    15.1457    15.0227   2.785606   2.786304     2.2542     2.2449     0.0048  0.1807013 0.0000e+00
        867      8.814    15.1508    15.0278   2.785640   2.786348     2.2541     2.2443     0.0046  0.1809585 0.0000e+00
        868      8.836    15.1556    15.0325   2.785672   2.786390     2.2540     2.2437     0.0046  0.1812065 0.0000e+00
        869      8.858    15.1602    15.0368   2.785704   2.786432     2.2539     2.2431     0.0046  0.1814342 0.0000e+00
        870      8.880    15.1647    15.0408   2.785735   2.786473     2.2538     2.2425     0.0046  0.1816398 0.0000e+00
        871      8.902    15.1689    15.0444   2.785766   2.786514     2.2537     2.2419     0.0046  0.1818248 0.0000e+00
        872      8.924    15.1729    15.0477   2.785796   2.786554     2.2536     2.2413     0.0046  0.1819903 0.0000e+00
        873      8.946    15.1767    15.0507   2.785826   2.786593     2.2535     2.2407     0.0046  0.1821376 0.0000e+00
        874      8.968    15.1803    15.0533   2.785855   2.786631     2.2534     2.2402     0.0046  0.1822677 0.0000e+00
        875      8.990    15.1836    15.0556   2.785883   2.786669     2.2533     2.2396     0.0046  0.1823815 0.0000e+00
        876      9.012    15.1866    15.0574   2.785912   2.786705     2.2532     2.2390     0.0046  0.1824798 0.0000e+00
        877      9.034    15.1895    15.0589   2.785940   2.786741     2.2531     2.2385     0.0046  0.1825632 0.0000e+00
        878      9.056    15.1922    15.0600   2.785968   2.786775     2.2529     2.2379     0.0046  0.1826324 0.0000e+00
        879      9.078    15.1948    15.0607   2.785996   2.786809     2.2528     2.2374     0.0046  0.1826878 0.0000e+00
        880      9.100    15.1972    15.0610   2.786025   2.786843     2.2527     2.2368     0.0046  0.1827298 0.0000e+00
        881      9.122    15.1994    15.0610   2.786052   2.786876     2.2526     2.2363     0.0046  0.1827588 0.0000e+00
        882      9.144    15.2014    15.0607   2.786080   2.786909     2.2525     2.2357     0.0044  0.1827749 0.0000e+00
        883      9.166    15.2031    15.0600   2.786107   2.786942     2.2524     2.2352     0.0046  0.1827781 0.0000e+00
        884      9.188    15.2047    15.0591   2.786135   2.786974     2.2522     2.2346     0.0046  0.1827687 0.0000e+00
        885      9.210    15.2063    15.0581   2.786162   2.787006     2.2521     2.2341     0.0046  0.1827464 0.0000e+00
        886      9.232    15.2077    15.0569   2.786190   2.787038     2.2520     2.2336     0.0046  0.1827111 0.0000e+00
        887      9.254    15.2090    15.0557   2.786217   2.787071     2.2519     2.2331     0.0046  0.1826626 0.0000e+00
        888      9.276    15.2102    15.0543   2.786245   2.787104     2.2518     2.2325     0.0046  0.1826005 0.0000e+00
        889      9.299    15.2113    15.0530   2.786272   2.787138     2.2517     2.2320     0.0046  0.1825245 0.0000e+00
        890      9.321    15.2123    15.0517   2.786300   2.787174     2.2516     2.2315     0.0046  0.1824348 0.0000e+00
        891      9.343    15.2132    15.0505   2.786327   2.787211     2.2515     2.2310     0.0046  0.1823316 0.0000e+00
        892      9.365    15.2141    15.0493   2.786354   2.787250     2.2514     2.2304     0.0046  0.1822143 0.0000e+00
        893      9.387    15.2150    15.0482   2.786382   2.787289     2.2513     2.2299     0.0048  0.1820846 0.0000e+00
        894      9.409    15.2159    15.0471   2.786409   2.787329     2.2512     2.2294     0.0048  0.1819466 0.0000e+00
        895      9.431    15.2168    15.0460   2.786437   2.787369     2.2511     2.2289     0.0048  0.1818019 0.0000e+00
        896      9.453    15.2175    15.0447   2.786465   2.787409     2.2510     2.2284     0.0048  0.1816488 0.0000e+00
        897      9.475    15.2183    15.0433   2.786493   2.787450     2.2509     2.2279     0.0048  0.1814852 0.0000e+00
        898      9.497    15.2193    15.0418   2.786521   2.787491     2.2508     2.2274     0.0048  0.1813110 0.0000e+00
        899      9.519    15.2203    15.0401   2.786549   2.787533     2.2507     2.2269     0.0048  0.1811256 0.0000e+00
        900      9.541    15.2215    15.0385   2.786577   2.787576     2.2506     2.2264     0.0048  0.1809271 0.0000e+00
        901      9.562    15.2226    15.0370   2.786605   2.787621     2.2505     2.2259     0.0048  0.1807131 0.0000e+00
        902      9.584    15.2237    15.0358   2.786632   2.787668     2.2504     2.2254     0.0048  0.1804822 0.0000e+00
        903      9.606    15.2247    15.0349   2.786659   2.787717     2.2503     2.2249     0.0048  0.1802336 0.0000e+00
        904      9.628    15.2257    15.0343   2.786685   2.787769     2.2502     2.2244     0.0048  0.1799664 0.0000e+00
        905      9.650    15.2267    15.0340   2.786711   2.787823     2.2501     2.2240     0.0048  0.1796780 0.0000e+00
        906      9.671    15.2277    15.0341   2.786737   2.787880     2.2500     2.2235     0.0048  0.1793654 0.0000e+00
        907      9.693    15.2289    15.0347   2.786762   2.787941     2.2499     2.2230     0.0048  0.1790265 0.0000e+00
        908      9.715    15.2303    15.0355   2.786788   2.788004     2.2498     2.2226     0.0048  0.1786590 0.0000e+00
        909      9.736    15.2317    15.0367   2.786813   2.788071     2.2497     2.2221     0.0048  0.1782602 0.0000e+00
        910      9.758    15.2331    15.0382   2.786837   2.788139     2.2496     2.2217     0.0048  0.1778275 0.0000e+00
        911      9.779    15.2343    15.0398   2.786860   2.788210     2.2495     2.2212     0.0048  0.1773578 0.0000e+00
        912      9.801    15.2355    15.0416   2.786882   2.788284     2.2494     2.2208     0.0048  0.1768477 0.0000e+00
        913      9.822    15.2365    15.0434   2.786904   2.788359     2.2493     2.2203     0.0048  0.1762939 0.0000e+00
        914      9.843    15.2372    15.0451   2.786925   2.788436     2.2493     2.2199     0.0048  0.1756924 0.0000e+00
        915      9.865    15.2376    15.0466   2.786944   2.788514     2.2492     2.2195     0.0048  0.1750391 0.0000e+00
        916      9.886    15.2378    15.0477   2.786964   2.788591     2.2491     2.2191     0.0048  0.1743293 0.0000e+00
        917      9.908    15.2378    15.0484   2.786982   2.788669     2.2490     2.2187     0.0048  0.1735591 0.0000e+00
        918      9.929    15.2376    15.0487   2.787000   2.788747     2.2489     2.2183     0.0048  0.1727417 0.0000e+00
