data/2021/ctd_data_day1/Station 3ex 210921_ctm.cnv
* Sea-Bird SBE 9 Data File:
* FileName = C:\Users\CTD-User\Desktop\MAR440\Station 3ex 210921.hex
* Software Version Seasave V 7.26.2.13
* Temperature SN = 6313
* Conductivity SN = 4758
* Number of Bytes Per Scan = 30
* Number of Voltage Words = 4
* Number of Scans Averaged by the Deck Unit = 1
* NMEA baud rate = 4800
** Ship:
** Station:
** Operator:
# nquan = 11
# nvalues = 3026                        
# units = specified
# name 0 = scan: Scan Count
# name 1 = prDM: Pressure, Digiquartz [db]
# name 2 = t090C: Temperature [ITS-90, deg C]
# name 3 = t190C: Temperature, 2 [ITS-90, deg C]
# name 4 = c0S/m: Conductivity [S/m]
# name 5 = c1S/m: Conductivity, 2 [S/m]
# name 6 = sbeox0V: Oxygen raw, SBE 43 [V]
# name 7 = sbeox1V: Oxygen raw, SBE 43, 2 [V]
# name 8 = flECO-AFL: Fluorescence, WET Labs ECO-AFL/FL [mg/m^3]
# name 9 = upoly0: Upoly 0, Turbidity
# name 10 = flag:  0.000e+00
# span 0 =          1,       3026       
# span 1 =      0.398,     13.226       
# span 2 =    11.9233,    16.1619       
# span 3 =    11.8952,    16.1632       
# span 4 =  -0.000846,   3.413321       
# span 5 =   0.068122,   3.412945       
# span 6 =     1.3393,     3.2662       
# span 7 =     1.3833,     3.1099       
# span 8 =     0.0035,     0.0441       
# span 9 =  0.0800940,  0.1890073       
# span 10 = 0.0000e+00, 0.0000e+00      
# interval = seconds: 0.0416667
# start_time = Sep 21 2021 12:03:19 [System UTC, header]
# bad_flag = -9.990e-29
*END*
          1      0.526    12.1517    12.1337  -0.000142   0.070058     2.9585     2.8462     0.0073  0.0815592 0.0000e+00
          2      0.559    12.1517    12.1334  -0.000012   0.070534     2.9585     2.8462     0.0073  0.0815592 0.0000e+00
          3      0.526    12.1519    12.1335  -0.000016   0.068651     2.9585     2.8462     0.0073  0.0810708 0.0000e+00
          4      0.559    12.1519    12.1335   0.000050   0.070825     2.9597     2.8462     0.0073  0.0810708 0.0000e+00
          5      0.526    12.1519    12.1335   0.000025   0.069481     2.9597     2.8462     0.0073  0.0815592 0.0000e+00
          6      0.559    12.1521    12.1334  -0.000281   0.070254     2.9597     2.8462     0.0073  0.0810708 0.0000e+00
          7      0.526    12.1522    12.1334   0.000004   0.068371     2.9585     2.8462     0.0071  0.0810708 0.0000e+00
          8      0.494    12.1521    12.1335  -0.000138   0.070729     2.9597     2.8462     0.0071  0.0815592 0.0000e+00
          9      0.584    12.1522    12.1334   0.000013   0.070531     2.9585     2.8462     0.0070  0.0810708 0.0000e+00
         10      0.494    12.1521    12.1334  -0.000110   0.070749     2.9585     2.8462     0.0071  0.0810708 0.0000e+00
         11      0.526    12.1522    12.1334   0.000046   0.068143     2.9585     2.8462     0.0071  0.0810708 0.0000e+00
         12      0.559    12.1522    12.1331  -0.000419   0.069248     2.9585     2.8462     0.0071  0.0815592 0.0000e+00
         13      0.526    12.1521    12.1332  -0.000066   0.068122     2.9585     2.8462     0.0071  0.0815592 0.0000e+00
         14      0.494    12.1521    12.1332  -0.000110   0.071067     2.9585     2.8462     0.0071  0.0815592 0.0000e+00
         15      0.527    12.1522    12.1331  -0.000098   0.069304     2.9597     2.8462     0.0071  0.0810708 0.0000e+00
         16      0.559    12.1524    12.1332   0.000177   0.070505     2.9597     2.8462     0.0071  0.0815592 0.0000e+00
         17      0.527    12.1521    12.1331  -0.000038   0.069073     2.9585     2.8462     0.0071  0.0815592 0.0000e+00
         18      0.559    12.1526    12.1331   0.000147   0.068754     2.9585     2.8462     0.0071  0.0815592 0.0000e+00
         19      0.527    12.1521    12.1329  -0.000016   0.068400     2.9585     2.8462     0.0071  0.0815592 0.0000e+00
         20      0.494    12.1522    12.1329  -0.000018   0.070826     2.9585     2.8462     0.0071  0.0810708 0.0000e+00
         21      0.584    12.1522    12.1327   0.000038   0.070203     2.9597     2.8462     0.0071  0.0815592 0.0000e+00
         22      0.494    12.1524    12.1327   0.000069   0.070167     2.9597     2.8462     0.0071  0.0810708 0.0000e+00
         23      0.527    12.1526    12.1326   0.000324   0.068470     2.9585     2.8462     0.0071  0.0815592 0.0000e+00
         24      0.560    12.1524    12.1326   0.000287   0.070192     2.9585     2.8462     0.0071  0.0815592 0.0000e+00
         25      0.527    12.1522    12.1326   0.000134   0.068958     2.9585     2.8462     0.0071  0.0810708 0.0000e+00
         26      0.494    12.1524    12.1325   0.000123   0.069074     2.9597     2.8462     0.0071  0.0815592 0.0000e+00
         27      0.584    12.1524    12.1324   0.000179   0.068627     2.9585     2.8462     0.0071  0.0815592 0.0000e+00
         28      0.494    12.1524    12.1322  -0.000073   0.070536     2.9585     2.8462     0.0071  0.0815592 0.0000e+00
         29      0.527    12.1526    12.1322   0.000014   0.069423     2.9597     2.8462     0.0071  0.0810708 0.0000e+00
         30      0.560    12.1524    12.1320   0.000187   0.070326     2.9585     2.8462     0.0071  0.0810708 0.0000e+00
         31      0.527    12.1526    12.1319   0.000069   0.069117     2.9585     2.8462     0.0071  0.0810708 0.0000e+00
         32      0.494    12.1526    12.1320  -0.000122   0.069018     2.9585     2.8462     0.0073  0.0810708 0.0000e+00
         33      0.527    12.1526    12.1319   0.000119   0.069778     2.9597     2.8462     0.0077  0.0815592 0.0000e+00
         34      0.560    12.1524    12.1317   0.000193   0.069427     2.9597     2.8462     0.0081  0.0815592 0.0000e+00
         35      0.527    12.1526    12.1319   0.000011   0.069495     2.9585     2.8462     0.0079  0.0815592 0.0000e+00
         36      0.560    12.1524    12.1314   0.000060   0.071584     2.9597     2.8462     0.0081  0.0815592 0.0000e+00
         37      0.469    12.1526    12.1317  -0.000053   0.069308     2.9597     2.8462     0.0081  0.0815592 0.0000e+00
         38      0.560    12.1524    12.1314   0.000121   0.070507     2.9585     2.8462     0.0079  0.0820476 0.0000e+00
         39      0.527    12.1527    12.1312  -0.000086   0.068597     2.9585     2.8462     0.0079  0.0820476 0.0000e+00
         40      0.560    12.1527    12.1314   0.000241   0.071132     2.9585     2.8462     0.0079  0.0820476 0.0000e+00
         41      0.527    12.1527    12.1312   0.000022   0.070215     2.9585     2.8462     0.0079  0.0820476 0.0000e+00
         42      0.560    12.1527    12.1312   0.000180   0.071376     2.9585     2.8462     0.0079  0.0820476 0.0000e+00
         43      0.527    12.1527    12.1311   0.000160   0.069625     2.9585     2.8462     0.0081  0.0815592 0.0000e+00
         44      0.494    12.1527    12.1308   0.000252   0.070836     2.9585     2.8462     0.0081  0.0815592 0.0000e+00
         45      0.527    12.1529    12.1305   0.000391   0.071211     2.9585     2.8462     0.0079  0.0820476 0.0000e+00
         46      0.560    12.1529    12.1309  -0.000104   0.069839     2.9597     2.8462     0.0081  0.0815592 0.0000e+00
         47      0.527    12.1527    12.1305  -0.000194   0.071654     2.9597     2.8462     0.0079  0.0820476 0.0000e+00
         48      0.494    12.1529    12.1304  -0.000298   0.070148     2.9597     2.8462     0.0081  0.0815592 0.0000e+00
         49      0.527    12.1532    12.1304  -0.000231   0.071355     2.9585     2.8462     0.0079  0.0820476 0.0000e+00
         50      0.560    12.1530    12.1302  -0.000229   0.070633     2.9585     2.8462     0.0081  0.0815592 0.0000e+00
         51      0.527    12.1530    12.1302  -0.000326   0.071190     2.9585     2.8462     0.0081  0.0815592 0.0000e+00
         52      0.494    12.1530    12.1302  -0.000143   0.073542     2.9585     2.8462     0.0077  0.0820476 0.0000e+00
         53      0.527    12.1530    12.1300   0.000087   0.071712     2.9585     2.8462     0.0079  0.0820476 0.0000e+00
         54      0.560    12.1529    12.1297  -0.000212   0.071979     2.9585     2.8462     0.0081  0.0815592 0.0000e+00
         55      0.527    12.1532    12.1296   0.000016   0.073888     2.9597     2.8462     0.0081  0.0815592 0.0000e+00
         56      0.494    12.1530    12.1296   0.000120   0.070527     2.9597     2.8462     0.0079  0.0820476 0.0000e+00
         57      0.527    12.1532    12.1296   0.000212   0.071439     2.9597     2.8462     0.0079  0.0815592 0.0000e+00
         58      0.560    12.1532    12.1294  -0.000137   0.070065     2.9597     2.8462     0.0088  0.0815592 0.0000e+00
         59      0.527    12.1530    12.1292   0.000034   0.071961     2.9597     2.8462     0.0097  0.0815592 0.0000e+00
         60      0.560    12.1532    12.1292   0.000171   0.072498     2.9597     2.8462     0.0097  0.0810708 0.0000e+00
         61      0.527    12.1534    12.1291   0.000028   0.070927     2.9597     2.8462     0.0097  0.0810708 0.0000e+00
         62      0.494    12.1532    12.1289   0.000198   0.071126     2.9597     2.8462     0.0097  0.0810708 0.0000e+00
         63      0.527    12.1532    12.1287   0.000248   0.070317     2.9597     2.8462     0.0097  0.0810708 0.0000e+00
         64      0.560    12.1530    12.1287   0.000153   0.071383     2.9597     2.8462     0.0097  0.0815592 0.0000e+00
         65      0.527    12.1530    12.1284   0.000120   0.072046     2.9585     2.8462     0.0097  0.0810708 0.0000e+00
         66      0.494    12.1530    12.1282   0.000042   0.070703     2.9597     2.8462     0.0097  0.0810708 0.0000e+00
         67      0.527    12.1532    12.1282  -0.000115   0.072385     2.9585     2.8462     0.0097  0.0810708 0.0000e+00
         68      0.560    12.1530    12.1281  -0.000149   0.070092     2.9597     2.8462     0.0097  0.0810708 0.0000e+00
         69      0.527    12.1532    12.1277   0.000126   0.070699     2.9597     2.8462     0.0097  0.0815592 0.0000e+00
         70      0.560    12.1530    12.1278  -0.000182   0.074012     2.9585     2.8462     0.0097  0.0815592 0.0000e+00
         71      0.527    12.1530    12.1276  -0.000035   0.070727     2.9585     2.8462     0.0097  0.0815592 0.0000e+00
         72      0.494    12.1532    12.1272   0.000218   0.071349     2.9585     2.8462     0.0097  0.0815592 0.0000e+00
         73      0.527    12.1529    12.1274  -0.000089   0.072402     2.9585     2.8462     0.0097  0.0810708 0.0000e+00
         74      0.494    12.1529    12.1270  -0.000172   0.071067     2.9585     2.8462     0.0097  0.0810708 0.0000e+00
         75      0.527    12.1529    12.1270   0.000152   0.071708     2.9585     2.8462     0.0097  0.0810708 0.0000e+00
         76      0.560    12.1529    12.1267   0.000027   0.070213     2.9585     2.8462     0.0097  0.0810708 0.0000e+00
         77      0.527    12.1527    12.1267   0.000191   0.071772     2.9597     2.8462     0.0097  0.0810708 0.0000e+00
         78      0.494    12.1529    12.1265   0.000371   0.072464     2.9585     2.8462     0.0097  0.0810708 0.0000e+00
         79      0.527    12.1527    12.1266  -0.000208   0.070947     2.9585     2.8462     0.0097  0.0815592 0.0000e+00
         80      0.560    12.1524    12.1261  -0.000384   0.072231     2.9585     2.8462     0.0097  0.0815592 0.0000e+00
         81      0.527    12.1526    12.1262  -0.000034   0.070669     2.9585     2.8462     0.0097  0.0810708 0.0000e+00
         82      0.494    12.1524    12.1259  -0.000071   0.071906     2.9597     2.8462     0.0097  0.0810708 0.0000e+00
         83      0.584    12.1524    12.1257  -0.000019   0.073047     2.9597     2.8462     0.0110  0.0815592 0.0000e+00
         84      0.494    12.1524    12.1255   0.000109   0.071678     2.9585     2.8462     0.0141  0.0815592 0.0000e+00
         85      0.527    12.1524    12.1253  -0.000055   0.070977     2.9597     2.8462     0.0154  0.0820476 0.0000e+00
         86      0.494    12.1522    12.1252  -0.000193   0.070761     2.9597     2.8462     0.0154  0.0820476 0.0000e+00
         87      0.527    12.1521    12.1251  -0.000186   0.072124     2.9585     2.8462     0.0152  0.0815592 0.0000e+00
         88      0.560    12.1522    12.1249  -0.000318   0.072477     2.9585     2.8462     0.0150  0.0815592 0.0000e+00
         89      0.527    12.1517    12.1246   0.000190   0.071848     2.9597     2.8462     0.0152  0.0815592 0.0000e+00
         90      0.494    12.1521    12.1246   0.000229   0.072428     2.9597     2.8462     0.0152  0.0820476 0.0000e+00
         91      0.527    12.1517    12.1244  -0.000134   0.072461     2.9585     2.8462     0.0152  0.0820476 0.0000e+00
         92      0.494    12.1517    12.1242  -0.000259   0.072557     2.9585     2.8462     0.0152  0.0815592 0.0000e+00
         93      0.527    12.1519    12.1238  -0.000148   0.072125     2.9585     2.8462     0.0150  0.0820476 0.0000e+00
         94      0.560    12.1517    12.1237  -0.000206   0.073186     2.9585     2.8462     0.0152  0.0815592 0.0000e+00
         95      0.527    12.1517    12.1236  -0.000334   0.072951     2.9585     2.8462     0.0152  0.0815592 0.0000e+00
         96      0.494    12.1516    12.1236   0.000275   0.072705     2.9585     2.8462     0.0152  0.0820476 0.0000e+00
         97      0.527    12.1514    12.1232   0.000236   0.072223     2.9585     2.8462     0.0152  0.0820476 0.0000e+00
         98      0.494    12.1516    12.1231  -0.000005   0.072539     2.9585     2.8462     0.0152  0.0820476 0.0000e+00
         99      0.584    12.1512    12.1227  -0.000028   0.072744     2.9585     2.8462     0.0152  0.0820476 0.0000e+00
        100      0.494    12.1514    12.1228  -0.000257   0.072423     2.9585     2.8462     0.0152  0.0815592 0.0000e+00
        101      0.527    12.1512    12.1222   0.000207   0.074242     2.9585     2.8462     0.0150  0.0820476 0.0000e+00
        102      0.560    12.1512    12.1224   0.000274   0.073708     2.9585     2.8462     0.0152  0.0815592 0.0000e+00
        103      0.469    12.1510    12.1221   0.000059   0.073517     2.9585     2.8462     0.0152  0.0815592 0.0000e+00
        104      0.560    12.1510    12.1217   0.000023   0.074079     2.9585     2.8462     0.0152  0.0815592 0.0000e+00
        105      0.469    12.1509    12.1217   0.000018   0.073519     2.9597     2.8462     0.0150  0.0815592 0.0000e+00
        106      0.560    12.1507    12.1214   0.000080   0.072370     2.9597     2.8462     0.0152  0.0820476 0.0000e+00
        107      0.527    12.1509    12.1211   0.000043   0.074264     2.9597     2.8462     0.0152  0.0815592 0.0000e+00
        108      0.560    12.1507    12.1209 1.2676e-07   0.075187     2.9597     2.8462     0.0152  0.0815592 0.0000e+00
        109      0.527    12.1506    12.1209  -0.000183   0.074536     2.9597     2.8462     0.0156  0.0815592 0.0000e+00
        110      0.494    12.1506    12.1205   0.000186   0.072402     2.9585     2.8462     0.0157  0.0815592 0.0000e+00
        111      0.527    12.1504    12.1202   0.000215   0.072293     2.9585     2.8462     0.0159  0.0815592 0.0000e+00
        112      0.494    12.1506    12.1201  -0.000133   0.074449     2.9585     2.8462     0.0159  0.0810708 0.0000e+00
        113      0.527    12.1502    12.1196  -0.000030   0.074588     2.9585     2.8462     0.0159  0.0810708 0.0000e+00
        114      0.560    12.1501    12.1196  -0.000060   0.073575     2.9585     2.8462     0.0159  0.0815592 0.0000e+00
        115      0.469    12.1503    12.1196  -0.000018   0.073519     2.9585     2.8462     0.0159  0.0810708 0.0000e+00
        116      0.560    12.1501    12.1190  -0.000010   0.075104     2.9585     2.8462     0.0159  0.0815592 0.0000e+00
        117      0.527    12.1499    12.1187   0.000138   0.075458     2.9585     2.8462     0.0159  0.0815592 0.0000e+00
        118      0.494    12.1497    12.1186   0.000241   0.073377     2.9585     2.8462     0.0159  0.0810708 0.0000e+00
        119      0.527    12.1496    12.1182  -0.000070   0.073246     2.9585     2.8462     0.0159  0.0815592 0.0000e+00
        120      0.560    12.1494    12.1183  -0.000214   0.073898     2.9585     2.8462     0.0159  0.0810708 0.0000e+00
        121      0.527    12.1492    12.1179   0.000106   0.074298     2.9597     2.8462     0.0157  0.0815592 0.0000e+00
        122      0.494    12.1491    12.1177   0.000092   0.072928     2.9585     2.8462     0.0157  0.0810708 0.0000e+00
        123      0.527    12.1489    12.1172   0.000277   0.073984     2.9585     2.8462     0.0159  0.0815592 0.0000e+00
        124      0.494    12.1489    12.1172   0.000061   0.074483     2.9585     2.8462     0.0159  0.0810708 0.0000e+00
        125      0.527    12.1487    12.1171  -0.000303   0.075159     2.9585     2.8462     0.0157  0.0815592 0.0000e+00
        126      0.560    12.1484    12.1168  -0.000055   0.074372     2.9585     2.8462     0.0159  0.0815592 0.0000e+00
        127      0.469    12.1482    12.1166  -0.000355   0.072682     2.9585     2.8462     0.0159  0.0810708 0.0000e+00
        128      0.560    12.1484    12.1162   0.000083   0.074274     2.9585     2.8462     0.0157  0.0810708 0.0000e+00
        129      0.527    12.1477    12.1160   0.000350   0.074876     2.9585     2.8462     0.0159  0.0815592 0.0000e+00
        130      0.494    12.1479    12.1157   0.000185   0.071851     2.9597     2.8462     0.0159  0.0815592 0.0000e+00
        131      0.527    12.1476    12.1156  -0.000105   0.072902     2.9585     2.8462     0.0159  0.0815592 0.0000e+00
