data/2021/ctd_data_day1/Station 1 ex 210921_ctm.cnv
* Sea-Bird SBE 9 Data File:
* FileName = C:\Users\CTD-User\Desktop\MAR440\Station 1 ex 210921.hex
* Software Version Seasave V 7.26.2.13
* Temperature SN = 6313
* Conductivity SN = 4758
* Number of Bytes Per Scan = 30
* Number of Voltage Words = 4
* Number of Scans Averaged by the Deck Unit = 1
* NMEA baud rate = 4800
** Ship:
** Station:
** Operator:
# nquan = 11
# nvalues = 3592                        
# units = specified
# name 0 = scan: Scan Count
# name 1 = prDM: Pressure, Digiquartz [db]
# name 2 = t090C: Temperature [ITS-90, deg C]
# name 3 = t190C: Temperature, 2 [ITS-90, deg C]
# name 4 = c0S/m: Conductivity [S/m]
# name 5 = c1S/m: Conductivity, 2 [S/m]
# name 6 = sbeox0V: Oxygen raw, SBE 43 [V]
# name 7 = sbeox1V: Oxygen raw, SBE 43, 2 [V]
# name 8 = flECO-AFL: Fluorescence, WET Labs ECO-AFL/FL [mg/m^3]
# name 9 = upoly0: Upoly 0, Turbidity
# name 10 = flag:  0.000e+00
# span 0 =          1,       3592       
# span 1 =      0.134,     30.832       
# span 2 =     7.8918,    16.1993       
# span 3 =     7.8898,    16.2048       
# span 4 =   2.884743,   3.774460       
# span 5 =   2.871701,   3.775522       
# span 6 =     0.6713,     2.9072       
# span 7 =     0.7251,     2.8022       
# span 8 =     0.0035,     0.1207       
# span 9 =  0.0859548,  0.1714249       
# span 10 = 0.0000e+00, 0.0000e+00      
# interval = seconds: 0.0416667
# start_time = Sep 21 2021 11:23:14 [System UTC, header]
# bad_flag = -9.990e-29
*END*
[from data line 525]
        526      8.889    14.7812    13.9777   2.890022   2.872470     2.2161     2.4713     0.0040  0.1108632 0.0000e+00
        527      8.905    14.6820    13.9676   2.889694   2.872412     2.2161     2.4725     0.0040  0.1108632 0.0000e+00
        528      8.848    14.6127    13.9613   2.889474   2.872440     2.2149     2.4738     0.0042  0.1108632 0.0000e+00
        529      8.889    14.6453    13.9584   2.889701   2.872463     2.2149     2.4750     0.0038  0.1108632 0.0000e+00
        530      8.724    14.7316    13.9574   2.890151   2.872554     2.2161     2.4774     0.0040  0.1147705 0.0000e+00
        531      8.848    14.8059    13.9570   2.890570   2.872658     2.2161     2.4786     0.0040  0.1196545 0.0000e+00
        532      8.765    14.9144    13.9579   2.891032   2.872810     2.2161     2.4799     0.0042  0.1201429 0.0000e+00
        533      8.790    14.9835    13.9579   2.891378   2.872958     2.2161     2.4811     0.0040  0.1196545 0.0000e+00
        534      8.724    14.9356    13.9567   2.891326   2.873150     2.2161     2.4823     0.0042  0.1196545 0.0000e+00
        535      8.699    14.8476    13.9555   2.890961   2.873164     2.2161     2.4847     0.0042  0.1196545 0.0000e+00
        536      8.724    14.7517    13.9535   2.890613   2.873234     2.2161     2.4860     0.0040  0.1196545 0.0000e+00
        537      8.666    14.7206    13.9486   2.890532   2.873304     2.2161     2.4884     0.0042  0.1196545 0.0000e+00
        538      8.699    14.7525    13.9422   2.890733   2.873299     2.2161     2.4896     0.0040  0.1196545 0.0000e+00
        539      8.600    14.8078    13.9375   2.890892   2.873331     2.2161     2.4909     0.0042  0.1196545 0.0000e+00
        540      8.666    14.8511    13.9373   2.891075   2.873446     2.2161     2.4921     0.0042  0.1196545 0.0000e+00
        541      8.642    14.8427    13.9419   2.891122   2.873579     2.2161     2.4933     0.0042  0.1196545 0.0000e+00
        542      8.543    14.7637    13.9405   2.890844   2.873674     2.2161     2.4945     0.0042  0.1196545 0.0000e+00
        543      8.600    14.6716    13.9357   2.890659   2.873673     2.2161     2.4970     0.0040  0.1196545 0.0000e+00
        544      8.576    14.6522    13.9356   2.890762   2.873492     2.2161     2.4957     0.0040  0.1196545 0.0000e+00
        545      8.477    14.6474    13.9410   2.890696   2.873402     2.2161     2.4982     0.0040  0.1196545 0.0000e+00
        546      8.543    14.6216    13.9385   2.890686   2.873415     2.2161     2.4982     0.0042  0.1196545 0.0000e+00
        547      8.518    14.5750    13.9290   2.890559   2.873230     2.2173     2.4994     0.0042  0.1196545 0.0000e+00
        548      8.477    14.5161    13.9138   2.890342   2.873169     2.2161     2.5006     0.0042  0.1196545 0.0000e+00
        549      8.477    14.4635    13.9055   2.890117   2.873134     2.2173     2.5006     0.0042  0.1196545 0.0000e+00
        550      8.460    14.4227    13.9034   2.889949   2.873036     2.2173     2.5018     0.0040  0.1196545 0.0000e+00
        551      8.419    14.4201    13.9050   2.889989   2.872986     2.2173     2.5018     0.0040  0.1196545 0.0000e+00
        552      8.419    14.4228    13.9084   2.890029   2.872904     2.2185     2.5031     0.0042  0.1196545 0.0000e+00
        553      8.394    14.4022    13.9118   2.889880   2.872854     2.2185     2.5031     0.0040  0.1196545 0.0000e+00
        554      8.419    14.4134    13.9130   2.889990   2.872936     2.2185     2.5043     0.0040  0.1196545 0.0000e+00
        555      8.361    14.4101    13.9135   2.890032   2.872762     2.2185     2.5055     0.0040  0.1216081 0.0000e+00
        556      8.336    14.3867    13.9140   2.889982   2.872679     2.2185     2.5055     0.0042  0.1338181 0.0000e+00
        557      8.361    14.3647    13.9188   2.889899   2.872564     2.2185     2.5067     0.0040  0.1391905 0.0000e+00
        558      8.295    14.3486    13.9225   2.889845   2.872359     2.2198     2.5079     0.0040  0.1396789 0.0000e+00
        559      8.270    14.3382    13.9212   2.889736   2.872226     2.2198     2.5092     0.0042  0.1391905 0.0000e+00
        560      8.361    14.3354    13.9200   2.889809   2.872126     2.2198     2.5104     0.0040  0.1391905 0.0000e+00
        561      8.213    14.3497    13.9249   2.889933   2.872028     2.2198     2.5116     0.0042  0.1387021 0.0000e+00
        562      8.237    14.3739    13.9285   2.890027   2.872059     2.2198     2.5116     0.0040  0.1391905 0.0000e+00
        563      8.237    14.3918    13.9441   2.890081   2.871883     2.2210     2.5128     0.0040  0.1391905 0.0000e+00
        564      8.270    14.4166    13.9626   2.890200   2.871884     2.2210     2.5153     0.0042  0.1387021 0.0000e+00
        565      8.171    14.4502    13.9647   2.890329   2.871801     2.2222     2.5165     0.0040  0.1391905 0.0000e+00
        566      8.171    14.4882    13.9567   2.890497   2.871749     2.2222     2.5177     0.0040  0.1391905 0.0000e+00
        567      8.147    14.5470    13.9471   2.890690   2.871701     2.2222     2.5189     0.0040  0.1391905 0.0000e+00
        568      8.171    14.6303    13.9464   2.891013   2.871786     2.2234     2.5202     0.0040  0.1391905 0.0000e+00
        569      8.114    14.6959    13.9537   2.891234   2.871932     2.2234     2.5214     0.0040  0.1391905 0.0000e+00
        570      8.089    14.7352    13.9587   2.891358   2.872049     2.2234     2.5238     0.0042  0.1391905 0.0000e+00
        571      8.114    14.7461    13.9606   2.891356   2.872122     2.2247     2.5250     0.0040  0.1391905 0.0000e+00
        572      8.056    14.7472    13.9574   2.891392   2.872233     2.2247     2.5263     0.0042  0.1387021 0.0000e+00
        573      8.089    14.7323    13.9562   2.891296   2.872298     2.2247     2.5287     0.0040  0.1391905 0.0000e+00
        574      8.056    14.7216    13.9619   2.891275   2.872439     2.2259     2.5299     0.0040  0.1391905 0.0000e+00
        575      7.990    14.7275    13.9671   2.891281   2.872626     2.2271     2.5311     0.0042  0.1387021 0.0000e+00
        576      8.031    14.7353    13.9681   2.891338   2.872678     2.2271     2.5324     0.0040  0.1391905 0.0000e+00
        577      7.990    14.7470    13.9729   2.891381   2.872825     2.2271     2.5336     0.0042  0.1387021 0.0000e+00
        578      7.990    14.7685    13.9823   2.891502   2.873018     2.2283     2.5360     0.0040  0.1391905 0.0000e+00
        579      7.965    14.7855    13.9926   2.891604   2.873158     2.2271     2.5360     0.0042  0.1387021 0.0000e+00
        580      7.932    14.8176    14.0001   2.891781   2.873300     2.2283     2.5385     0.0040  0.1391905 0.0000e+00
        581      7.932    14.8395    14.0069   2.891818   2.873464     2.2283     2.5397     0.0040  0.1426093 0.0000e+00
        582      7.907    14.8166    14.0153   2.891754   2.873576     2.2295     2.5409     0.0042  0.1465165 0.0000e+00
        583      7.866    14.7716    14.0298   2.891534   2.873771     2.2295     2.5421     0.0040  0.1479817 0.0000e+00
        584      7.907    14.7346    14.0480   2.891363   2.873920     2.2308     2.5434     0.0042  0.1474933 0.0000e+00
        585      7.808    14.6984    14.0648   2.891162   2.874116     2.2308     2.5446     0.0042  0.1474933 0.0000e+00
        586      7.866    14.6609    14.0818   2.891100   2.874308     2.2308     2.5458     0.0040  0.1474933 0.0000e+00
        587      7.784    14.6638    14.0973   2.891067   2.874548     2.2320     2.5470     0.0042  0.1474933 0.0000e+00
        588      7.808    14.7121    14.1113   2.891253   2.874776     2.2320     2.5482     0.0040  0.1474933 0.0000e+00
        589      7.808    14.7627    14.1200   2.891480   2.874952     2.2332     2.5495     0.0040  0.1474933 0.0000e+00
        590      7.726    14.8028    14.1240   2.891546   2.875076     2.2332     2.5495     0.0040  0.1474933 0.0000e+00
        591      7.742    14.8270    14.1253   2.891648   2.875222     2.2332     2.5507     0.0040  0.1474933 0.0000e+00
        592      7.742    14.8243    14.1229   2.891656   2.875296     2.2332     2.5519     0.0042  0.1474933 0.0000e+00
        593      7.726    14.7935    14.1167   2.891496   2.875445     2.2344     2.5531     0.0040  0.1474933 0.0000e+00
        594      7.685    14.7739    14.1086   2.891549   2.875480     2.2344     2.5531     0.0042  0.1474933 0.0000e+00
        595      7.685    14.7822    14.0981   2.891574   2.875490     2.2344     2.5543     0.0042  0.1474933 0.0000e+00
        596      7.660    14.7884    14.0851   2.891585   2.875576     2.2356     2.5556     0.0040  0.1474933 0.0000e+00
        597      7.627    14.7932    14.0708   2.891585   2.875550     2.2369     2.5556     0.0040  0.1474933 0.0000e+00
        598      7.602    14.8066    14.0577   2.891688   2.875545     2.2369     2.5568     0.0040  0.1474933 0.0000e+00
        599      7.561    14.8255    14.0522   2.891846   2.875618     2.2369     2.5568     0.0040  0.1474933 0.0000e+00
        600      7.561    14.8515    14.0634   2.891812   2.875722     2.2369     2.5568     0.0042  0.1474933 0.0000e+00
        601      7.602    14.8722    14.0750   2.891861   2.875742     2.2381     2.5580     0.0040  0.1474933 0.0000e+00
        602      7.561    14.8847    14.0831   2.891893   2.875932     2.2381     2.5580     0.0042  0.1474933 0.0000e+00
        603      7.503    14.8935    14.0962   2.891939   2.876075     2.2381     2.5592     0.0040  0.1474933 0.0000e+00
        604      7.479    14.9005    14.1161   2.891956   2.876233     2.2393     2.5592     0.0042  0.1474933 0.0000e+00
        605      7.503    14.9063    14.1340   2.891974   2.876433     2.2393     2.5592     0.0042  0.1474933 0.0000e+00
        606      7.503    14.9101    14.1483   2.891885   2.876520     2.2393     2.5592     0.0040  0.1479817 0.0000e+00
        607      7.413    14.9109    14.1568   2.891835   2.876586     2.2393     2.5605     0.0044  0.1533541 0.0000e+00
        608      7.437    14.9099    14.1607   2.891863   2.876671     2.2393     2.5605     0.0044  0.1562845 0.0000e+00
        609      7.380    14.9102    14.1673   2.891942   2.876783     2.2405     2.5605     0.0044  0.1562845 0.0000e+00
        610      7.413    14.9161    14.1725   2.891905   2.876926     2.2405     2.5605     0.0044  0.1562845 0.0000e+00
        611      7.380    14.9256    14.1748   2.892014   2.876973     2.2405     2.5605     0.0044  0.1562845 0.0000e+00
        612      7.355    14.9321    14.1757   2.892093   2.877024     2.2417     2.5605     0.0044  0.1557961 0.0000e+00
        613      7.322    14.9445    14.1760   2.892191   2.877143     2.2417     2.5605     0.0044  0.1562845 0.0000e+00
        614      7.322    14.9598    14.1751   2.892299   2.877198     2.2417     2.5605     0.0046  0.1557961 0.0000e+00
        615      7.355    14.9724    14.1781   2.892363   2.877241     2.2417     2.5605     0.0044  0.1557961 0.0000e+00
        616      7.256    14.9777    14.1821   2.892410   2.877370     2.2430     2.5605     0.0046  0.1562845 0.0000e+00
        617      7.256    14.9729    14.1912   2.892391   2.877522     2.2430     2.5605     0.0044  0.1562845 0.0000e+00
        618      7.297    14.9599    14.1988   2.892220   2.877583     2.2442     2.5605     0.0046  0.1557961 0.0000e+00
        619      7.198    14.9566    14.1990   2.892229   2.877572     2.2442     2.5592     0.0046  0.1562845 0.0000e+00
        620      7.256    14.9644    14.1868   2.892214   2.877583     2.2442     2.5592     0.0044  0.1562845 0.0000e+00
        621      7.173    14.9729    14.1602   2.892165   2.877539     2.2442     2.5592     0.0044  0.1562845 0.0000e+00
        622      7.132    14.9820    14.1316   2.892221   2.877516     2.2442     2.5580     0.0044  0.1562845 0.0000e+00
        623      7.173    14.9918    14.1186   2.892230   2.877471     2.2454     2.5580     0.0046  0.1562845 0.0000e+00
        624      7.132    14.9994    14.1193   2.892204   2.877571     2.2454     2.5568     0.0046  0.1557961 0.0000e+00
        625      7.132    15.0024    14.1191   2.892242   2.877668     2.2466     2.5556     0.0046  0.1562845 0.0000e+00
        626      7.050    15.0029    14.1250   2.892396   2.877680     2.2454     2.5556     0.0044  0.1562845 0.0000e+00
        627      7.075    15.0043    14.1887   2.892411   2.877957     2.2466     2.5543     0.0044  0.1562845 0.0000e+00
        628      7.074    15.0048    14.2419   2.892378   2.878263     2.2466     2.5531     0.0046  0.1557961 0.0000e+00
        629      7.050    15.0060    14.2580   2.892415   2.878387     2.2466     2.5531     0.0044  0.1562845 0.0000e+00
        630      7.009    15.0049    14.2469   2.892442   2.878385     2.2466     2.5519     0.0044  0.1562845 0.0000e+00
        631      6.992    15.0068    14.2792   2.892453   2.878523     2.2466     2.5507     0.0044  0.1562845 0.0000e+00
        632      6.951    15.0110    14.3689   2.892452   2.878929     2.2479     2.5507     0.0046  0.1553077 0.0000e+00
        633      6.951    15.0185    14.4255   2.892430   2.879142     2.2479     2.5495     0.0046  0.1538425 0.0000e+00
        634      6.926    15.0299    14.4172   2.892379   2.879104     2.2479     2.5482     0.0044  0.1533541 0.0000e+00
        635      6.951    15.0388    14.3856   2.892423   2.879025     2.2479     2.5470     0.0044  0.1538425 0.0000e+00
        636      6.893    15.0454    14.3443   2.892442   2.878915     2.2466     2.5458     0.0046  0.1538425 0.0000e+00
        637      6.868    15.0507    14.3636   2.892492   2.879023     2.2479     2.5446     0.0044  0.1538425 0.0000e+00
        638      6.827    15.0560    14.3978   2.892484   2.879204     2.2479     2.5434     0.0046  0.1538425 0.0000e+00
        639      6.827    15.0587    14.4172   2.892437   2.879273     2.2479     2.5421     0.0046  0.1538425 0.0000e+00
        640      6.802    15.0600    14.4533   2.892488   2.879524     2.2479     2.5409     0.0044  0.1538425 0.0000e+00
        641      6.827    15.0579    14.5220   2.892435   2.879890     2.2479     2.5397     0.0044  0.1538425 0.0000e+00
        642      6.745    15.0489    14.5922   2.892480   2.880078     2.2491     2.5385     0.0044  0.1538425 0.0000e+00
        643      6.769    15.0366    14.6413   2.892403   2.880348     2.2479     2.5373     0.0044  0.1538425 0.0000e+00
        644      6.703    15.0265    14.6854   2.892427   2.880617     2.2479     2.5348     0.0046  0.1533541 0.0000e+00
        645      6.745    15.0189    14.7230   2.892380   2.880793     2.2479     2.5336     0.0046  0.1533541 0.0000e+00
        646      6.646    15.0129    14.7734   2.892482   2.880991     2.2479     2.5324     0.0044  0.1538425 0.0000e+00
        647      6.703    15.0062    14.8195   2.892438   2.881200     2.2479     2.5311     0.0046  0.1538425 0.0000e+00
        648      6.621    14.9986    14.8435   2.892358   2.881300     2.2491     2.5299     0.0044  0.1538425 0.0000e+00
        649      6.646    14.9914    14.8427   2.892209   2.881370     2.2491     2.5275     0.0044  0.1538425 0.0000e+00
        650      6.621    14.9864    14.8330   2.892195   2.881366     2.2491     2.5263     0.0046  0.1538425 0.0000e+00
        651      6.588    14.9829    14.8212   2.892153   2.881323     2.2491     2.5250     0.0046  0.1538425 0.0000e+00
        652      6.522    14.9824    14.8015   2.892117   2.881239     2.2491     2.5238     0.0046  0.1538425 0.0000e+00
        653      6.563    14.9840    14.7707   2.892118   2.881193     2.2491     2.5214     0.0044  0.1538425 0.0000e+00
        654      6.522    14.9814    14.7394   2.892123   2.881130     2.2491     2.5202     0.0046  0.1533541 0.0000e+00
        655      6.497    14.9782    14.7092   2.892181   2.881024     2.2491     2.5189     0.0046  0.1538425 0.0000e+00
