data/2021/ctd_data_day1/Station 1 210921_ctm_fil.cnv
* Sea-Bird SBE 9 Data File:
* FileName = C:\Users\CTD-User\Desktop\MAR440\Station 1 210921.hex
* Software Version Seasave V 7.26.2.13
* Temperature SN = 6313
* Conductivity SN = 4758
* Number of Bytes Per Scan = 30
* Number of Voltage Words = 4
* Number of Scans Averaged by the Deck Unit = 1
* NMEA baud rate = 4800
** Ship:
** Station:
** Operator:
# nquan = 11
# nvalues = 5940                        
# units = specified
# name 0 = scan: Scan Count
# name 1 = prDM: Pressure, Digiquartz [db]
# name 2 = t090C: Temperature [ITS-90, deg C]
# name 3 = t190C: Temperature, 2 [ITS-90, deg C]
# name 4 = c0S/m: Conductivity [S/m]
# name 5 = c1S/m: Conductivity, 2 [S/m]
# name 6 = sbeox0V: Oxygen raw, SBE 43 [V]
# name 7 = sbeox1V: Oxygen raw, SBE 43, 2 [V]
# name 8 = flECO-AFL: Fluorescence, WET Labs ECO-AFL/FL [mg/m^3]
# name 9 = upoly0: Upoly 0, Turbidity
# name 10 = flag:  0.000e+00
# span 0 =          1,       5940       
# span 1 =      0.420,     13.919       
# span 2 =    11.9583,    16.0077       
# span 3 =    11.9664,    16.0088       
# span 4 =   2.810210,   3.422799       
# span 5 =   2.813003,   3.416273       
# span 6 =     0.9943,     2.8560       
# span 7 =     1.0244,     2.7645       
# span 8 =     0.0040,     0.0086       
# span 9 =  0.0921354,  0.2082287       
# span 10 = 0.0000e+00, 0.0000e+00      
# interval = seconds: 0.0416667
# start_time = Sep 21 2021 08:43:04 [System UTC, header]
# bad_flag = -9.990e-29
*END*
[from data line 1705]
       1706      9.526    15.7064    15.7154   3.220033   3.218907     2.1698     2.1045     0.0053  0.1109846 0.0000e+00
       1707      9.526    15.7060    15.7156   3.220112   3.218919     2.1692     2.1044     0.0053  0.1109439 0.0000e+00
       1708      9.527    15.7056    15.7158   3.220198   3.218932     2.1686     2.1044     0.0053  0.1108970 0.0000e+00
       1709      9.527    15.7052    15.7160   3.220290   3.218945     2.1681     2.1044     0.0053  0.1108435 0.0000e+00
       1710      9.527    15.7047    15.7162   3.220384   3.218958     2.1675     2.1044     0.0053  0.1107831 0.0000e+00
       1711      9.527    15.7043    15.7163   3.220479   3.218969     2.1670     2.1044     0.0053  0.1107153 0.0000e+00
       1712      9.527    15.7038    15.7164   3.220571   3.218979     2.1665     2.1044     0.0053  0.1106398 0.0000e+00
       1713      9.527    15.7033    15.7164   3.220662   3.218986     2.1660     2.1044     0.0053  0.1105558 0.0000e+00
       1714      9.527    15.7029    15.7164   3.220754   3.218988     2.1655     2.1044     0.0053  0.1104630 0.0000e+00
       1715      9.527    15.7024    15.7164   3.220848   3.218984     2.1650     2.1044     0.0053  0.1103605 0.0000e+00
       1716      9.527    15.7020    15.7164   3.220944   3.218972     2.1645     2.1044     0.0053  0.1102486 0.0000e+00
       1717      9.527    15.7015    15.7164   3.221043   3.218956     2.1640     2.1044     0.0051  0.1101308 0.0000e+00
       1718      9.527    15.7011    15.7163   3.221143   3.218937     2.1636     2.1044     0.0051  0.1100138 0.0000e+00
       1719      9.527    15.7007    15.7163   3.221245   3.218918     2.1632     2.1044     0.0051  0.1099027 0.0000e+00
       1720      9.527    15.7004    15.7163   3.221349   3.218898     2.1627     2.1044     0.0051  0.1097978 0.0000e+00
       1721      9.527    15.7000    15.7162   3.221456   3.218876     2.1623     2.1044     0.0051  0.1096964 0.0000e+00
       1722      9.526    15.6997    15.7162   3.221566   3.218851     2.1619     2.1044     0.0051  0.1095980 0.0000e+00
       1723      9.526    15.6993    15.7162   3.221678   3.218821     2.1615     2.1043     0.0051  0.1095027 0.0000e+00
       1724      9.526    15.6990    15.7162   3.221792   3.218787     2.1612     2.1043     0.0051  0.1094090 0.0000e+00
       1725      9.526    15.6986    15.7162   3.221910   3.218748     2.1608     2.1043     0.0051  0.1093153 0.0000e+00
       1726      9.526    15.6982    15.7162   3.222033   3.218706     2.1604     2.1042     0.0051  0.1092210 0.0000e+00
       1727      9.525    15.6978    15.7161   3.222163   3.218662     2.1601     2.1042     0.0051  0.1091256 0.0000e+00
       1728      9.525    15.6974    15.7161   3.222298   3.218617     2.1597     2.1041     0.0051  0.1090282 0.0000e+00
       1729      9.525    15.6969    15.7160   3.222437   3.218571     2.1594     2.1041     0.0051  0.1089283 0.0000e+00
       1730      9.525    15.6965    15.7159   3.222580   3.218523     2.1591     2.1040     0.0051  0.1088250 0.0000e+00
       1731      9.525    15.6961    15.7158   3.222727   3.218475     2.1587     2.1039     0.0051  0.1087178 0.0000e+00
       1732      9.524    15.6956    15.7158   3.222877   3.218429     2.1584     2.1039     0.0051  0.1086059 0.0000e+00
       1733      9.524    15.6951    15.7157   3.223032   3.218387     2.1581     2.1038     0.0051  0.1084885 0.0000e+00
       1734      9.524    15.6947    15.7156   3.223194   3.218350     2.1578     2.1038     0.0051  0.1083647 0.0000e+00
       1735      9.524    15.6942    15.7156   3.223369   3.218320     2.1575     2.1037     0.0051  0.1082338 0.0000e+00
       1736      9.524    15.6937    15.7155   3.223559   3.218297     2.1572     2.1037     0.0051  0.1080947 0.0000e+00
       1737      9.524    15.6933    15.7153   3.223764   3.218281     2.1569     2.1036     0.0051  0.1079466 0.0000e+00
       1738      9.523    15.6928    15.7152   3.223986   3.218272     2.1566     2.1036     0.0051  0.1077892 0.0000e+00
       1739      9.523    15.6923    15.7149   3.224229   3.218269     2.1564     2.1035     0.0051  0.1076232 0.0000e+00
       1740      9.523    15.6917    15.7147   3.224499   3.218271     2.1561     2.1035     0.0051  0.1074474 0.0000e+00
       1741      9.522    15.6912    15.7144   3.224806   3.218276     2.1558     2.1034     0.0051  0.1072589 0.0000e+00
       1742      9.522    15.6906    15.7141   3.225150   3.218282     2.1556     2.1034     0.0051  0.1070597 0.0000e+00
       1743      9.522    15.6900    15.7138   3.225531   3.218289     2.1553     2.1033     0.0051  0.1068604 0.0000e+00
       1744      9.522    15.6893    15.7134   3.225940   3.218296     2.1551     2.1032     0.0051  0.1066715 0.0000e+00
       1745      9.522    15.6886    15.7131   3.226372   3.218307     2.1548     2.1032     0.0051  0.1064968 0.0000e+00
       1746      9.522    15.6879    15.7127   3.226816   3.218322     2.1546     2.1031     0.0051  0.1063350 0.0000e+00
       1747      9.521    15.6872    15.7122   3.227266   3.218344     2.1543     2.1031     0.0051  0.1061833 0.0000e+00
       1748      9.521    15.6865    15.7118   3.227721   3.218374     2.1541     2.1030     0.0051  0.1060398 0.0000e+00
       1749      9.521    15.6858    15.7113   3.228178   3.218412     2.1538     2.1030     0.0051  0.1059035 0.0000e+00
       1750      9.520    15.6851    15.7108   3.228638   3.218457     2.1536     2.1029     0.0051  0.1057736 0.0000e+00
       1751      9.520    15.6844    15.7103   3.229100   3.218509     2.1533     2.1029     0.0051  0.1056489 0.0000e+00
       1752      9.519    15.6837    15.7097   3.229566   3.218566     2.1531     2.1028     0.0051  0.1055288 0.0000e+00
       1753      9.519    15.6830    15.7091   3.230034   3.218630     2.1529     2.1028     0.0051  0.1054123 0.0000e+00
       1754      9.518    15.6823    15.7085   3.230502   3.218699     2.1527     2.1027     0.0051  0.1052987 0.0000e+00
       1755      9.518    15.6816    15.7078   3.230968   3.218773     2.1524     2.1027     0.0051  0.1051872 0.0000e+00
       1756      9.518    15.6809    15.7071   3.231427   3.218851     2.1522     2.1026     0.0051  0.1050769 0.0000e+00
       1757      9.518    15.6801    15.7063   3.231877   3.218932     2.1520     2.1026     0.0051  0.1049672 0.0000e+00
       1758      9.517    15.6794    15.7056   3.232315   3.219015     2.1517     2.1025     0.0051  0.1048572 0.0000e+00
       1759      9.517    15.6786    15.7048   3.232739   3.219101     2.1515     2.1025     0.0051  0.1047462 0.0000e+00
       1760      9.517    15.6779    15.7040   3.233149   3.219187     2.1513     2.1024     0.0051  0.1046334 0.0000e+00
       1761      9.517    15.6771    15.7032   3.233545   3.219275     2.1510     2.1024     0.0051  0.1045180 0.0000e+00
       1762      9.516    15.6764    15.7025   3.233924   3.219364     2.1508     2.1023     0.0051  0.1043993 0.0000e+00
       1763      9.516    15.6757    15.7019   3.234283   3.219453     2.1506     2.1023     0.0051  0.1042764 0.0000e+00
       1764      9.515    15.6750    15.7014   3.234613   3.219539     2.1503     2.1022     0.0051  0.1041484 0.0000e+00
       1765      9.515    15.6743    15.7011   3.234907   3.219621     2.1501     2.1022     0.0051  0.1040145 0.0000e+00
       1766      9.515    15.6737    15.7007   3.235165   3.219699     2.1499     2.1022     0.0051  0.1038737 0.0000e+00
       1767      9.515    15.6731    15.7004   3.235387   3.219773     2.1496     2.1021     0.0051  0.1037259 0.0000e+00
       1768      9.514    15.6724    15.7000   3.235573   3.219846     2.1494     2.1021     0.0051  0.1035761 0.0000e+00
       1769      9.514    15.6718    15.6996   3.235721   3.219919     2.1491     2.1021     0.0051  0.1034341 0.0000e+00
       1770      9.514    15.6713    15.6992   3.235828   3.219993     2.1489     2.1020     0.0051  0.1033067 0.0000e+00
       1771      9.514    15.6708    15.6988   3.235891   3.220068     2.1486     2.1020     0.0051  0.1031947 0.0000e+00
       1772      9.513    15.6703    15.6985   3.235912   3.220147     2.1484     2.1020     0.0051  0.1030965 0.0000e+00
       1773      9.513    15.6699    15.6983   3.235897   3.220229     2.1481     2.1020     0.0051  0.1030096 0.0000e+00
       1774      9.513    15.6697    15.6980   3.235848   3.220317     2.1478     2.1020     0.0051  0.1029327 0.0000e+00
       1775      9.512    15.6695    15.6978   3.235768   3.220412     2.1475     2.1019     0.0051  0.1028651 0.0000e+00
       1776      9.512    15.6694    15.6975   3.235656   3.220514     2.1472     2.1019     0.0051  0.1028065 0.0000e+00
       1777      9.512    15.6693    15.6972   3.235514   3.220626     2.1469     2.1019     0.0051  0.1027563 0.0000e+00
       1778      9.511    15.6691    15.6968   3.235346   3.220748     2.1466     2.1018     0.0051  0.1027143 0.0000e+00
       1779      9.511    15.6690    15.6964   3.235160   3.220879     2.1463     2.1018     0.0051  0.1026802 0.0000e+00
       1780      9.510    15.6689    15.6959   3.234963   3.221017     2.1460     2.1018     0.0051  0.1026537 0.0000e+00
       1781      9.510    15.6687    15.6955   3.234763   3.221159     2.1456     2.1018     0.0051  0.1026347 0.0000e+00
       1782      9.510    15.6684    15.6950   3.234567   3.221302     2.1453     2.1017     0.0051  0.1026230 0.0000e+00
       1783      9.509    15.6682    15.6944   3.234379   3.221442     2.1450     2.1017     0.0051  0.1026185 0.0000e+00
       1784      9.509    15.6679    15.6939   3.234204   3.221578     2.1446     2.1017     0.0051  0.1026220 0.0000e+00
       1785      9.509    15.6676    15.6934   3.234045   3.221707     2.1443     2.1016     0.0051  0.1026345 0.0000e+00
       1786      9.508    15.6674    15.6929   3.233903   3.221829     2.1439     2.1016     0.0051  0.1026560 0.0000e+00
       1787      9.508    15.6672    15.6925   3.233777   3.221948     2.1435     2.1015     0.0051  0.1026866 0.0000e+00
       1788      9.507    15.6670    15.6921   3.233664   3.222064     2.1431     2.1015     0.0051  0.1027258 0.0000e+00
       1789      9.507    15.6668    15.6918   3.233559   3.222176     2.1427     2.1015     0.0051  0.1027729 0.0000e+00
       1790      9.507    15.6666    15.6915   3.233459   3.222285     2.1423     2.1014     0.0051  0.1028282 0.0000e+00
       1791      9.507    15.6663    15.6915   3.233361   3.222391     2.1419     2.1014     0.0051  0.1028923 0.0000e+00
       1792      9.506    15.6660    15.6915   3.233261   3.222494     2.1414     2.1013     0.0051  0.1029654 0.0000e+00
       1793      9.506    15.6658    15.6918   3.233158   3.222597     2.1410     2.1012     0.0051  0.1030465 0.0000e+00
       1794      9.506    15.6656    15.6921   3.233047   3.222702     2.1406     2.1012     0.0049  0.1031301 0.0000e+00
       1795      9.506    15.6654    15.6926   3.232927   3.222811     2.1401     2.1011     0.0049  0.1032100 0.0000e+00
       1796      9.505    15.6653    15.6931   3.232801   3.222927     2.1396     2.1011     0.0049  0.1032842 0.0000e+00
       1797      9.505    15.6653    15.6935   3.232673   3.223049     2.1392     2.1010     0.0049  0.1033533 0.0000e+00
       1798      9.505    15.6652    15.6939   3.232543   3.223180     2.1387     2.1009     0.0049  0.1034177 0.0000e+00
       1799      9.504    15.6652    15.6941   3.232415   3.223322     2.1382     2.1009     0.0049  0.1034778 0.0000e+00
       1800      9.504    15.6653    15.6942   3.232288   3.223477     2.1377     2.1008     0.0049  0.1035342 0.0000e+00
       1801      9.504    15.6654    15.6942   3.232161   3.223649     2.1372     2.1007     0.0049  0.1035871 0.0000e+00
       1802      9.504    15.6656    15.6940   3.232032   3.223837     2.1367     2.1006     0.0049  0.1036370 0.0000e+00
       1803      9.504    15.6658    15.6937   3.231900   3.224045     2.1362     2.1006     0.0049  0.1036842 0.0000e+00
       1804      9.504    15.6660    15.6933   3.231764   3.224273     2.1357     2.1005     0.0049  0.1037290 0.0000e+00
       1805      9.503    15.6663    15.6927   3.231626   3.224524     2.1352     2.1004     0.0049  0.1037718 0.0000e+00
       1806      9.503    15.6666    15.6921   3.231487   3.224798     2.1346     2.1003     0.0049  0.1038127 0.0000e+00
       1807      9.503    15.6669    15.6913   3.231349   3.225094     2.1341     2.1002     0.0049  0.1038522 0.0000e+00
       1808      9.503    15.6672    15.6905   3.231216   3.225407     2.1336     2.1002     0.0049  0.1038905 0.0000e+00
       1809      9.502    15.6675    15.6896   3.231090   3.225733     2.1330     2.1001     0.0049  0.1039279 0.0000e+00
       1810      9.502    15.6677    15.6887   3.230970   3.226066     2.1325     2.1000     0.0049  0.1039646 0.0000e+00
       1811      9.502    15.6680    15.6878   3.230859   3.226397     2.1319     2.0999     0.0049  0.1040008 0.0000e+00
       1812      9.502    15.6683    15.6870   3.230755   3.226718     2.1314     2.0998     0.0049  0.1040369 0.0000e+00
       1813      9.501    15.6686    15.6861   3.230658   3.227023     2.1309     2.0997     0.0049  0.1040731 0.0000e+00
       1814      9.501    15.6688    15.6853   3.230567   3.227306     2.1303     2.0996     0.0049  0.1041095 0.0000e+00
       1815      9.501    15.6690    15.6846   3.230483   3.227564     2.1298     2.0995     0.0049  0.1041466 0.0000e+00
       1816      9.501    15.6693    15.6840   3.230404   3.227796     2.1292     2.0994     0.0049  0.1041845 0.0000e+00
       1817      9.500    15.6694    15.6834   3.230330   3.228002     2.1287     2.0993     0.0049  0.1042235 0.0000e+00
       1818      9.500    15.6696    15.6829   3.230262   3.228181     2.1282     2.0992     0.0049  0.1042639 0.0000e+00
       1819      9.500    15.6697    15.6825   3.230199   3.228335     2.1276     2.0991     0.0051  0.1043051 0.0000e+00
       1820      9.500    15.6698    15.6822   3.230142   3.228469     2.1271     2.0990     0.0051  0.1043449 0.0000e+00
       1821      9.500    15.6698    15.6821   3.230091   3.228584     2.1266     2.0989     0.0051  0.1043809 0.0000e+00
       1822      9.500    15.6698    15.6819   3.230043   3.228685     2.1261     2.0987     0.0051  0.1044126 0.0000e+00
       1823      9.500    15.6699    15.6819   3.230000   3.228775     2.1256     2.0986     0.0051  0.1044402 0.0000e+00
       1824      9.500    15.6699    15.6818   3.229963   3.228856     2.1251     2.0985     0.0051  0.1044648 0.0000e+00
       1825      9.500    15.6699    15.6817   3.229933   3.228929     2.1246     2.0984     0.0051  0.1044873 0.0000e+00
       1826      9.500    15.6699    15.6816   3.229909   3.228994     2.1241     2.0982     0.0051  0.1045070 0.0000e+00
       1827      9.499    15.6698    15.6815   3.229886   3.229051     2.1236     2.0981     0.0051  0.1045242 0.0000e+00
       1828      9.499    15.6698    15.6815   3.229862   3.229096     2.1232     2.0980     0.0051  0.1045398 0.0000e+00
       1829      9.499    15.6698    15.6816   3.229833   3.229132     2.1227     2.0978     0.0051  0.1045529 0.0000e+00
       1830      9.499    15.6697    15.6816   3.229799   3.229159     2.1223     2.0977     0.0051  0.1045630 0.0000e+00
       1831      9.499    15.6697    15.6817   3.229763   3.229178     2.1219     2.0975     0.0051  0.1045700 0.0000e+00
       1832      9.499    15.6696    15.6817   3.229725   3.229190     2.1214     2.0974     0.0051  0.1045739 0.0000e+00
       1833      9.499    15.6696    15.6816   3.229689   3.229196     2.1210     2.0972     0.0051  0.1045749 0.0000e+00
       1834      9.499    15.6696    15.6815   3.229654   3.229196     2.1206     2.0970     0.0051  0.1045738 0.0000e+00
       1835      9.499    15.6696    15.6813   3.229620   3.229192     2.1203     2.0969     0.0051  0.1045714 0.0000e+00
       1836      9.499    15.6697    15.6812   3.229586   3.229184     2.1199     2.0967     0.0051  0.1045669 0.0000e+00
