data/2021/ctd_data_day1/Station 2 210921_ctm.cnv
* Sea-Bird SBE 9 Data File:
* FileName = C:\Users\CTD-User\Desktop\MAR440\Station 2 210921.hex
* Software Version Seasave V 7.26.2.13
* Temperature SN = 6313
* Conductivity SN = 4758
* Number of Bytes Per Scan = 30
* Number of Voltage Words = 4
* Number of Scans Averaged by the Deck Unit = 1
* NMEA baud rate = 4800
** Ship:
** Station:
** Operator:
# nquan = 11
# nvalues = 6110                        
# units = specified
# name 0 = scan: Scan Count
# name 1 = prDM: Pressure, Digiquartz [db]
# name 2 = t090C: Temperature [ITS-90, deg C]
# name 3 = t190C: Temperature, 2 [ITS-90, deg C]
# name 4 = c0S/m: Conductivity [S/m]
# name 5 = c1S/m: Conductivity, 2 [S/m]
# name 6 = sbeox0V: Oxygen raw, SBE 43 [V]
# name 7 = sbeox1V: Oxygen raw, SBE 43, 2 [V]
# name 8 = flECO-AFL: Fluorescence, WET Labs ECO-AFL/FL [mg/m^3]
# name 9 = upoly0: Upoly 0, Turbidity
# name 10 = flag:  0.000e+00
# span 0 =          1,       6110       
# span 1 =      0.157,     43.455       
# span 2 =     7.9730,    16.1801       
# span 3 =     7.9712,    16.1835       
# span 4 =  -0.001126,   3.495104       
# span 5 =   0.107799,   3.496217       
# span 6 =     0.4711,     3.0415       
# span 7 =     0.5273,     2.8535       
# span 8 =     0.0033,     0.0408       
# span 9 =  0.0805824,  0.2358938       
# span 10 = 0.0000e+00, 0.0000e+00      
# interval = seconds: 0.0416667
# start_time = Sep 21 2021 09:07:42 [System UTC, header]
# bad_flag = -9.990e-29
*END*
[from data line 1574]
       1575     10.135    15.6703    15.8645   2.765070   2.781091     2.4151     2.2991     0.0038  0.0981648 0.0000e+00
       1576     10.118    15.6801    15.8720   2.765217   2.781183     2.4139     2.2979     0.0038  0.0981648 0.0000e+00
       1577     10.077    15.6887    15.8788   2.765259   2.781166     2.4127     2.2967     0.0038  0.0981648 0.0000e+00
       1578     10.077    15.6962    15.8858   2.765225   2.781129     2.4115     2.2967     0.0038  0.0981648 0.0000e+00
       1579     10.118    15.7025    15.8920   2.765375   2.781259     2.4102     2.2955     0.0038  0.0981648 0.0000e+00
       1580     10.077    15.7074    15.8978   2.765407   2.781244     2.4090     2.2955     0.0038  0.0981648 0.0000e+00
       1581     10.077    15.7115    15.9028   2.765451   2.781230     2.4090     2.2943     0.0038  0.0981648 0.0000e+00
       1582     10.077    15.7159    15.9075   2.765509   2.781306     2.4078     2.2930     0.0038  0.0981648 0.0000e+00
       1583     10.118    15.7203    15.9114   2.765479   2.781379     2.4066     2.2918     0.0038  0.0981648 0.0000e+00
       1584     10.077    15.7252    15.9152   2.765661   2.781260     2.4066     2.2918     0.0038  0.0981648 0.0000e+00
       1585     10.077    15.7303    15.9184   2.765688   2.781277     2.4054     2.2918     0.0038  0.0981648 0.0000e+00
       1586     10.118    15.7359    15.9215   2.765696   2.781368     2.4041     2.2906     0.0038  0.0981648 0.0000e+00
       1587     10.076    15.7416    15.9244   2.765790   2.781437     2.4029     2.2894     0.0038  0.0981648 0.0000e+00
       1588     10.134    15.7473    15.9266   2.765820   2.781349     2.4029     2.2894     0.0038  0.0986532 0.0000e+00
       1589     10.052    15.7536    15.9290   2.765857   2.781345     2.4017     2.2882     0.0038  0.0981648 0.0000e+00
       1590     10.134    15.7599    15.9311   2.765878   2.781438     2.4005     2.2882     0.0038  0.0981648 0.0000e+00
       1591     10.019    15.7667    15.9329   2.765863   2.781401     2.3993     2.2869     0.0038  0.0981648 0.0000e+00
       1592     10.117    15.7730    15.9348   2.765862   2.781339     2.3993     2.2869     0.0038  0.0971880 0.0000e+00
       1593     10.076    15.7796    15.9365   2.765965   2.781499     2.3968     2.2857     0.0038  0.0962112 0.0000e+00
       1594     10.134    15.7856    15.9376   2.765963   2.781551     2.3968     2.2857     0.0038  0.0962112 0.0000e+00
       1595     10.117    15.7916    15.9386   2.766037   2.781405     2.3956     2.2845     0.0038  0.0962112 0.0000e+00
       1596     10.076    15.7973    15.9392   2.766023   2.781471     2.3944     2.2845     0.0038  0.0962112 0.0000e+00
       1597     10.076    15.8028    15.9398   2.766052   2.781536     2.3944     2.2833     0.0038  0.0962112 0.0000e+00
       1598     10.076    15.8083    15.9403   2.766047   2.781558     2.3931     2.2833     0.0038  0.0962112 0.0000e+00
       1599     10.051    15.8132    15.9410   2.766042   2.781502     2.3907     2.2808     0.0038  0.0962112 0.0000e+00
       1600     10.133    15.8177    15.9415   2.766055   2.781567     2.3907     2.2821     0.0038  0.0962112 0.0000e+00
       1601     10.076    15.8220    15.9422   2.766138   2.781633     2.3895     2.2808     0.0038  0.0962112 0.0000e+00
       1602     10.117    15.8260    15.9426   2.766080   2.781597     2.3883     2.2796     0.0038  0.0962112 0.0000e+00
       1603     10.075    15.8298    15.9432   2.766108   2.781557     2.3858     2.2796     0.0038  0.0962112 0.0000e+00
       1604     10.075    15.8334    15.9441   2.766081   2.781597     2.3858     2.2784     0.0038  0.0962112 0.0000e+00
       1605     10.117    15.8372    15.9448   2.766081   2.781690     2.3858     2.2784     0.0038  0.0962112 0.0000e+00
       1606     10.075    15.8408    15.9459   2.766102   2.781651     2.3846     2.2772     0.0038  0.0962112 0.0000e+00
       1607     10.075    15.8443    15.9471   2.766085   2.781586     2.3834     2.2759     0.0038  0.0962112 0.0000e+00
       1608     10.116    15.8472    15.9483   2.766153   2.781746     2.3822     2.2759     0.0038  0.0962112 0.0000e+00
       1609     10.075    15.8502    15.9495   2.766172   2.781738     2.3809     2.2747     0.0038  0.0962112 0.0000e+00
       1610     10.075    15.8526    15.9504   2.766162   2.781673     2.3797     2.2747     0.0038  0.0962112 0.0000e+00
       1611     10.116    15.8553    15.9516   2.766185   2.781656     2.3785     2.2735     0.0038  0.0962112 0.0000e+00
       1612     10.075    15.8577    15.9522   2.766250   2.781781     2.3785     2.2723     0.0038  0.0962112 0.0000e+00
       1613     10.075    15.8603    15.9535   2.766220   2.781823     2.3773     2.2723     0.0038  0.0962112 0.0000e+00
       1614     10.075    15.8621    15.9540   2.766255   2.781734     2.3761     2.2711     0.0038  0.0962112 0.0000e+00
       1615     10.116    15.8640    15.9548   2.766303   2.781722     2.3736     2.2711     0.0038  0.0962112 0.0000e+00
       1616     10.075    15.8653    15.9555   2.766304   2.781895     2.3736     2.2698     0.0038  0.0962112 0.0000e+00
       1617     10.075    15.8664    15.9562   2.766306   2.781866     2.3724     2.2698     0.0038  0.0962112 0.0000e+00
       1618     10.116    15.8677    15.9567   2.766303   2.781740     2.3712     2.2686     0.0038  0.0962112 0.0000e+00
       1619     10.075    15.8684    15.9573   2.766287   2.781774     2.3699     2.2674     0.0038  0.0957228 0.0000e+00
       1620     10.074    15.8692    15.9579   2.766384   2.781905     2.3687     2.2674     0.0038  0.0957228 0.0000e+00
       1621     10.116    15.8698    15.9586   2.766308   2.781861     2.3687     2.2662     0.0038  0.0957228 0.0000e+00
       1622     10.074    15.8704    15.9588   2.766276   2.781829     2.3675     2.2650     0.0038  0.0957228 0.0000e+00
       1623     10.074    15.8709    15.9591   2.766323   2.781858     2.3663     2.2650     0.0038  0.0957228 0.0000e+00
       1624     10.115    15.8714    15.9597   2.766447   2.781919     2.3651     2.2637     0.0038  0.0957228 0.0000e+00
       1625     10.074    15.8719    15.9598   2.766430   2.781967     2.3638     2.2625     0.0038  0.0962112 0.0000e+00
       1626     10.074    15.8725    15.9597   2.766382   2.781957     2.3626     2.2625     0.0038  0.0957228 0.0000e+00
       1627     10.115    15.8731    15.9601   2.766420   2.781943     2.3614     2.2613     0.0038  0.0962112 0.0000e+00
       1628     10.074    15.8738    15.9598   2.766383   2.782108     2.3602     2.2601     0.0038  0.0962112 0.0000e+00
       1629     10.074    15.8745    15.9597   2.766513   2.782172     2.3590     2.2601     0.0038  0.0962112 0.0000e+00
       1630     10.074    15.8752    15.9594   2.766567   2.782171     2.3577     2.2589     0.0038  0.0957228 0.0000e+00
       1631     10.115    15.8755    15.9593   2.766541   2.782177     2.3565     2.2576     0.0038  0.0957228 0.0000e+00
       1632     10.074    15.8765    15.9594   2.766602   2.782435     2.3565     2.2576     0.0038  0.0957228 0.0000e+00
       1633     10.074    15.8766    15.9593   2.766546   2.782562     2.3553     2.2564     0.0038  0.0962112 0.0000e+00
       1634     10.115    15.8772    15.9594   2.766515   2.782654     2.3541     2.2552     0.0038  0.0957228 0.0000e+00
       1635     10.074    15.8773    15.9601   2.766536   2.782690     2.3529     2.2540     0.0038  0.0957228 0.0000e+00
       1636     10.131    15.8780    15.9603   2.766634   2.782788     2.3516     2.2540     0.0038  0.0962112 0.0000e+00
       1637     10.049    15.8784    15.9602   2.766650   2.782927     2.3504     2.2527     0.0038  0.0957228 0.0000e+00
       1638     10.074    15.8784    15.9601   2.766665   2.782997     2.3492     2.2515     0.0038  0.0957228 0.0000e+00
       1639     10.131    15.8785    15.9599   2.766648   2.783061     2.3480     2.2515     0.0038  0.0957228 0.0000e+00
       1640     10.049    15.8791    15.9593   2.766687   2.783124     2.3467     2.2503     0.0038  0.0957228 0.0000e+00
       1641     10.074    15.8792    15.9584   2.766724   2.783234     2.3467     2.2491     0.0038  0.0962112 0.0000e+00
       1642     10.131    15.8795    15.9577   2.766724   2.783408     2.3455     2.2479     0.0038  0.0957228 0.0000e+00
       1643     10.049    15.8801    15.9569   2.766807   2.783466     2.3443     2.2466     0.0038  0.0962112 0.0000e+00
       1644     10.131    15.8804    15.9558   2.766807   2.783478     2.3443     2.2466     0.0037  0.0957228 0.0000e+00
       1645     10.073    15.8807    15.9552   2.766840   2.783574     2.3419     2.2454     0.0037  0.0962112 0.0000e+00
       1646     10.073    15.8814    15.9548   2.766907   2.783680     2.3406     2.2442     0.0037  0.0957228 0.0000e+00
       1647     10.115    15.8819    15.9546   2.766930   2.783794     2.3394     2.2430     0.0037  0.0962112 0.0000e+00
       1648     10.073    15.8824    15.9548   2.766828   2.783854     2.3382     2.2430     0.0037  0.0962112 0.0000e+00
       1649     10.073    15.8826    15.9548   2.766894   2.783878     2.3370     2.2418     0.0037  0.0962112 0.0000e+00
       1650     10.115    15.8831    15.9550   2.766874   2.783954     2.3358     2.2418     0.0037  0.0957228 0.0000e+00
       1651     10.073    15.8838    15.9550   2.766931   2.784053     2.3345     2.2405     0.0037  0.0957228 0.0000e+00
       1652     10.073    15.8850    15.9553   2.766951   2.784215     2.3345     2.2393     0.0037  0.0957228 0.0000e+00
       1653     10.115    15.8861    15.9552   2.766993   2.784302     2.3333     2.2381     0.0037  0.0962112 0.0000e+00
       1654     10.073    15.8874    15.9557   2.767062   2.784354     2.3321     2.2381     0.0037  0.0962112 0.0000e+00
       1655     10.073    15.8887    15.9556   2.767073   2.784457     2.3309     2.2369     0.0037  0.0957228 0.0000e+00
       1656     10.114    15.8896    15.9558   2.767077   2.784582     2.3297     2.2356     0.0037  0.0962112 0.0000e+00
       1657     10.073    15.8903    15.9556   2.767031   2.784765     2.3284     2.2356     0.0037  0.0957228 0.0000e+00
       1658     10.131    15.8906    15.9557   2.767184   2.785013     2.3272     2.2344     0.0037  0.0957228 0.0000e+00
       1659     10.048    15.8913    15.9557   2.767165   2.785361     2.3248     2.2332     0.0037  0.0962112 0.0000e+00
       1660     10.131    15.8916    15.9562   2.767231   2.785584     2.3248     2.2332     0.0037  0.0957228 0.0000e+00
       1661     10.073    15.8919    15.9562   2.767185   2.785917     2.3248     2.2320     0.0037  0.0962112 0.0000e+00
       1662     10.073    15.8923    15.9563   2.767310   2.786245     2.3235     2.2308     0.0037  0.0957228 0.0000e+00
       1663     10.114    15.8924    15.9562   2.767289   2.786653     2.3223     2.2295     0.0037  0.0962112 0.0000e+00
       1664     10.073    15.8928    15.9565   2.767357   2.787013     2.3211     2.2283     0.0037  0.0962112 0.0000e+00
       1665     10.073    15.8931    15.9562   2.767412   2.787425     2.3199     2.2283     0.0035  0.0957228 0.0000e+00
       1666     10.114    15.8935    15.9562   2.767377   2.787785     2.3187     2.2283     0.0037  0.0962112 0.0000e+00
       1667     10.073    15.8936    15.9562   2.767368   2.788214     2.3174     2.2271     0.0037  0.0957228 0.0000e+00
       1668     10.131    15.8940    15.9562   2.767493   2.788617     2.3174     2.2259     0.0037  0.0962112 0.0000e+00
       1669     10.048    15.8943    15.9552   2.767469   2.789021     2.3162     2.2259     0.0038  0.0962112 0.0000e+00
       1670     10.131    15.8943    15.9535   2.767599   2.789427     2.3150     2.2247     0.0038  0.0962112 0.0000e+00
       1671     10.073    15.8945    15.9519   2.767612   2.789755     2.3138     2.2234     0.0038  0.0962112 0.0000e+00
       1672     10.114    15.8945    15.9507   2.767473   2.790196     2.3126     2.2234     0.0038  0.0962112 0.0000e+00
       1673     10.073    15.8941    15.9499   2.767532   2.790585     2.3113     2.2222     0.0038  0.0962112 0.0000e+00
       1674     10.073    15.8945    15.9499   2.767579   2.790967     2.3101     2.2222     0.0038  0.0962112 0.0000e+00
       1675     10.114    15.8943    15.9499   2.767591   2.791354     2.3089     2.2210     0.0038  0.0962112 0.0000e+00
       1676     10.130    15.8941    15.9485   2.767639   2.791773     2.3077     2.2210     0.0038  0.0962112 0.0000e+00
       1677     10.073    15.8941    15.9463   2.767727   2.792162     2.3077     2.2198     0.0038  0.0962112 0.0000e+00
       1678     10.073    15.8940    15.9437   2.767874   2.792539     2.3065     2.2186     0.0038  0.0962112 0.0000e+00
       1679     10.114    15.8941    15.9410   2.767698   2.792917     2.3052     2.2186     0.0038  0.0962112 0.0000e+00
       1680     10.073    15.8940    15.9389   2.767684   2.793339     2.3040     2.2186     0.0038  0.0962112 0.0000e+00
       1681     10.073    15.8942    15.9370   2.767697   2.793708     2.3028     2.2186     0.0038  0.0962112 0.0000e+00
       1682     10.114    15.8941    15.9361   2.767780   2.794109     2.3016     2.2173     0.0038  0.0962112 0.0000e+00
       1683     10.130    15.8945    15.9357   2.767816   2.794522     2.3003     2.2173     0.0038  0.0962112 0.0000e+00
       1684     10.073    15.8950    15.9353   2.767992   2.794877     2.3003     2.2161     0.0038  0.0962112 0.0000e+00
       1685     10.048    15.8953    15.9347   2.768039   2.795209     2.2991     2.2161     0.0038  0.0962112 0.0000e+00
       1686     10.130    15.8958    15.9341   2.768011   2.795659     2.2967     2.2149     0.0038  0.0962112 0.0000e+00
       1687     10.072    15.8962    15.9338   2.767967   2.796072     2.2967     2.2149     0.0038  0.0962112 0.0000e+00
       1688     10.114    15.8967    15.9334   2.767885   2.796432     2.2955     2.2149     0.0038  0.0962112 0.0000e+00
       1689     10.072    15.8971    15.9330   2.767953   2.796803     2.2942     2.2149     0.0038  0.0966996 0.0000e+00
       1690     10.130    15.8975    15.9328   2.767995   2.797126     2.2930     2.2137     0.0038  0.0962112 0.0000e+00
       1691     10.114    15.8979    15.9324   2.768048   2.797551     2.2918     2.2137     0.0038  0.0962112 0.0000e+00
       1692     10.072    15.8980    15.9322   2.768137   2.797928     2.2918     2.2137     0.0038  0.0962112 0.0000e+00
       1693     10.072    15.8985    15.9323   2.768168   2.798220     2.2906     2.2137     0.0038  0.0962112 0.0000e+00
       1694     10.130    15.8989    15.9323   2.768248   2.798599     2.2894     2.2124     0.0038  0.0962112 0.0000e+00
       1695     10.048    15.8994    15.9323   2.768220   2.798992     2.2881     2.2124     0.0038  0.0962112 0.0000e+00
       1696     10.130    15.9001    15.9320   2.768194   2.799284     2.2881     2.2124     0.0038  0.0962112 0.0000e+00
       1697     10.072    15.9006    15.9324   2.768242   2.799605     2.2869     2.2124     0.0038  0.0962112 0.0000e+00
       1698     10.113    15.9012    15.9323   2.768269   2.799978     2.2857     2.2124     0.0038  0.0962112 0.0000e+00
       1699     10.130    15.9014    15.9325   2.768343   2.800249     2.2845     2.2124     0.0038  0.0962112 0.0000e+00
       1700     10.072    15.9021    15.9326   2.768408   2.800559     2.2833     2.2112     0.0038  0.0962112 0.0000e+00
       1701     10.047    15.9025    15.9328   2.768445   2.800916     2.2820     2.2112     0.0038  0.0962112 0.0000e+00
       1702     10.130    15.9028    15.9329   2.768380   2.801198     2.2808     2.2112     0.0038  0.0962112 0.0000e+00
       1703     10.072    15.9031    15.9327   2.768486   2.801480     2.2796     2.2112     0.0038  0.0962112 0.0000e+00
       1704     10.113    15.9033    15.9328   2.768501   2.801837     2.2784     2.2112     0.0038  0.0962112 0.0000e+00
