data/2021/ctd_data_day1/Station 1 ex 210921_ctm_fil_le.cnv
* Sea-Bird SBE 9 Data File:
* FileName = C:\Users\CTD-User\Desktop\MAR440\Station 1 ex 210921.hex
* Software Version Seasave V 7.26.2.13
* Temperature SN = 6313
* Conductivity SN = 4758
* Number of Bytes Per Scan = 30
* Number of Voltage Words = 4
* Number of Scans Averaged by the Deck Unit = 1
* NMEA baud rate = 4800
** Ship:
** Station:
** Operator:
# nquan = 11
# nvalues = 3592                        
# units = specified
# name 0 = scan: Scan Count
# name 1 = prDM: Pressure, Digiquartz [db]
# name 2 = t090C: Temperature [ITS-90, deg C]
# name 3 = t190C: Temperature, 2 [ITS-90, deg C]
# name 4 = c0S/m: Conductivity [S/m]
# name 5 = c1S/m: Conductivity, 2 [S/m]
# name 6 = sbeox0V: Oxygen raw, SBE 43 [V]
# name 7 = sbeox1V: Oxygen raw, SBE 43, 2 [V]
# name 8 = flECO-AFL: Fluorescence, WET Labs ECO-AFL/FL [mg/m^3]
# name 9 = upoly0: Upoly 0, Turbidity
# name 10 = flag:  0.000e+00
# span 0 =          1,       3592       
# span 1 =      0.209,     30.533       
# span 2 =     7.9664,    16.1288       
# span 3 =     7.9555,    16.1351       
# span 4 =   2.884986,   3.768774       
# span 5 =   2.872738,   3.769854       
# span 6 =     0.6778,     2.8827       
# span 7 =     0.7295,     2.7937       
# span 8 =     0.0035,     0.1207       
# span 9 =  0.0866592,  0.1704992       
# span 10 = 0.0000e+00, 0.0000e+00      
# interval = seconds: 0.0416667
# start_time = Sep 21 2021 11:23:14 [System UTC, header]
# bad_flag = -9.990e-29
*END*
          1      1.268    15.0468    15.0150   2.914388   2.895013     2.8827     2.4622     0.0046  0.1627835 -9.990e-29
          2      1.268    15.0467    15.0143   2.914180   2.894845     2.8806     2.4615     0.0044  0.1627965 -9.990e-29
          3      1.268    15.0466    15.0136   2.913957   2.894670     2.8783     2.4607     0.0044  0.1628107 -9.990e-29
          4      1.267    15.0465    15.0129   2.913722   2.894490     2.8759     2.4599     0.0044  0.1628252 -9.990e-29
          5      1.267    15.0464    15.0120   2.913479   2.894311     2.8733     2.4591     0.0044  0.1628394 -9.990e-29
          6      1.267    15.0463    15.0111   2.913230   2.894137     2.8707     2.4583     0.0044  0.1628541 -9.990e-29
          7      1.268    15.0462    15.0101   2.912980   2.893970     2.8679     2.4574     0.0044  0.1628704 -9.990e-29
          8      1.268    15.0461    15.0090   2.912734   2.893812     2.8650     2.4564     0.0046  0.1628875 -9.990e-29
          9      1.269    15.0460    15.0078   2.912496   2.893665     2.8621     2.4555     0.0044  0.1629038 -9.990e-29
         10      1.269    15.0459    15.0065   2.912273   2.893530     2.8591     2.4546     0.0044  0.1629186 -9.990e-29
         11      1.270    15.0458    15.0051   2.912069   2.893405     2.8560     2.4536     0.0044  0.1629319 -9.990e-29
         12      1.270    15.0457    15.0036   2.911889   2.893290     2.8528     2.4526     0.0044  0.1629448 -9.990e-29
         13      1.271    15.0455    15.0021   2.911737   2.893186     2.8497     2.4516     0.0044  0.1629591 -9.990e-29
         14      1.272    15.0454    15.0005   2.911614   2.893092     2.8464     2.4506     0.0046  0.1629755 -9.990e-29
         15      1.273    15.0453    14.9990   2.911523   2.893007     2.8431     2.4496     0.0044  0.1629935 -9.990e-29
         16      1.274    15.0451    14.9976   2.911464   2.892933     2.8398     2.4486     0.0044  0.1630115 -9.990e-29
         17      1.275    15.0449    14.9962   2.911436   2.892870     2.8365     2.4475     0.0046  0.1630295 -9.990e-29
         18      1.276    15.0448    14.9950   2.911439   2.892818     2.8331     2.4465     0.0044  0.1630495 -9.990e-29
         19      1.277    15.0446    14.9939   2.911470   2.892778     2.8297     2.4455     0.0044  0.1630723 -9.990e-29
         20      1.278    15.0444    14.9930   2.911525   2.892751     2.8263     2.4445     0.0044  0.1630965 -9.990e-29
         21      1.279    15.0442    14.9922   2.911598   2.892738     2.8229     2.4434     0.0042  0.1631188 -9.990e-29
         22      1.280    15.0439    14.9916   2.911683   2.892739     2.8195     2.4424     0.0042  0.1631368 -9.990e-29
         23      1.281    15.0437    14.9912   2.911771   2.892755     2.8160     2.4414     0.0042  0.1631499 -9.990e-29
         24      1.282    15.0434    14.9910   2.911856   2.892785     2.8126     2.4403     0.0042  0.1631588 -9.990e-29
         25      1.283    15.0432    14.9909   2.911934   2.892828     2.8091     2.4393     0.0042  0.1631647 -9.990e-29
         26      1.284    15.0429    14.9911   2.912003   2.892883     2.8056     2.4383     0.0042  0.1631666 -9.990e-29
         27      1.285    15.0426    14.9916   2.912063   2.892950     2.8022     2.4372     0.0042  0.1631637 -9.990e-29
         28      1.286    15.0423    14.9922   2.912114   2.893026     2.7987     2.4362     0.0042  0.1631569 -9.990e-29
         29      1.287    15.0419    14.9931   2.912156   2.893113     2.7953     2.4352     0.0042  0.1631469 -9.990e-29
         30      1.288    15.0416    14.9943   2.912188   2.893208     2.7918     2.4341     0.0042  0.1631336 -9.990e-29
         31      1.288    15.0413    14.9956   2.912210   2.893310     2.7884     2.4331     0.0042  0.1631171 -9.990e-29
         32      1.289    15.0409    14.9970   2.912219   2.893417     2.7850     2.4321     0.0042  0.1630971 -9.990e-29
         33      1.290    15.0406    14.9986   2.912214   2.893527     2.7816     2.4311     0.0042  0.1630735 -9.990e-29
         34      1.290    15.0402    15.0002   2.912192   2.893636     2.7782     2.4300     0.0042  0.1630463 -9.990e-29
         35      1.291    15.0398    15.0019   2.912153   2.893741     2.7748     2.4290     0.0042  0.1630151 -9.990e-29
         36      1.292    15.0394    15.0036   2.912096   2.893842     2.7714     2.4280     0.0042  0.1629797 -9.990e-29
         37      1.293    15.0391    15.0053   2.912020   2.893935     2.7680     2.4269     0.0042  0.1629400 -9.990e-29
         38      1.294    15.0387    15.0069   2.911924   2.894018     2.7647     2.4259     0.0042  0.1628956 -9.990e-29
         39      1.296    15.0383    15.0085   2.911808   2.894089     2.7614     2.4248     0.0042  0.1628462 -9.990e-29
         40      1.297    15.0379    15.0101   2.911672   2.894148     2.7580     2.4238     0.0042  0.1627915 -9.990e-29
         41      1.299    15.0375    15.0116   2.911514   2.894194     2.7547     2.4227     0.0042  0.1627311 -9.990e-29
         42      1.300    15.0372    15.0130   2.911336   2.894227     2.7514     2.4217     0.0042  0.1626646 -9.990e-29
         43      1.302    15.0368    15.0143   2.911136   2.894246     2.7482     2.4206     0.0042  0.1625906 -9.990e-29
         44      1.304    15.0365    15.0155   2.910915   2.894252     2.7449     2.4196     0.0042  0.1625079 -9.990e-29
         45      1.306    15.0362    15.0166   2.910672   2.894244     2.7417     2.4185     0.0042  0.1624175 -9.990e-29
         46      1.308    15.0360    15.0175   2.910407   2.894224     2.7385     2.4175     0.0040  0.1623239 -9.990e-29
         47      1.311    15.0357    15.0183   2.910121   2.894192     2.7353     2.4164     0.0042  0.1622341 -9.990e-29
         48      1.313    15.0355    15.0191   2.909817   2.894150     2.7321     2.4154     0.0042  0.1621534 -9.990e-29
         49      1.316    15.0353    15.0197   2.909496   2.894099     2.7290     2.4143     0.0040  0.1620821 -9.990e-29
         50      1.320    15.0352    15.0202   2.909165   2.894044     2.7258     2.4133     0.0040  0.1620180 -9.990e-29
         51      1.323    15.0350    15.0206   2.908829   2.893986     2.7227     2.4122     0.0040  0.1619598 -9.990e-29
         52      1.327    15.0349    15.0209   2.908493   2.893932     2.7196     2.4111     0.0040  0.1619071 -9.990e-29
         53      1.331    15.0347    15.0211   2.908163   2.893885     2.7166     2.4101     0.0042  0.1618604 -9.990e-29
         54      1.335    15.0345    15.0212   2.907846   2.893851     2.7135     2.4090     0.0042  0.1618211 -9.990e-29
         55      1.340    15.0344    15.0213   2.907548   2.893833     2.7105     2.4080     0.0042  0.1617888 -9.990e-29
         56      1.345    15.0342    15.0212   2.907274   2.893835     2.7075     2.4069     0.0040  0.1617617 -9.990e-29
         57      1.350    15.0341    15.0211   2.907027   2.893862     2.7045     2.4058     0.0040  0.1617388 -9.990e-29
         58      1.356    15.0339    15.0209   2.906812   2.893918     2.7015     2.4047     0.0042  0.1617198 -9.990e-29
         59      1.361    15.0337    15.0205   2.906633   2.894006     2.6986     2.4037     0.0042  0.1617046 -9.990e-29
         60      1.368    15.0335    15.0201   2.906493   2.894128     2.6957     2.4026     0.0040  0.1616932 -9.990e-29
         61      1.374    15.0333    15.0196   2.906395   2.894288     2.6927     2.4015     0.0042  0.1616863 -9.990e-29
         62      1.381    15.0330    15.0190   2.906343   2.894490     2.6899     2.4004     0.0040  0.1616846 -9.990e-29
         63      1.389    15.0328    15.0184   2.906342   2.894734     2.6870     2.3993     0.0040  0.1616875 -9.990e-29
         64      1.397    15.0325    15.0178   2.906393   2.895025     2.6842     2.3982     0.0040  0.1616939 -9.990e-29
         65      1.406    15.0323    15.0172   2.906497   2.895363     2.6813     2.3971     0.0042  0.1617040 -9.990e-29
         66      1.415    15.0320    15.0167   2.906649   2.895751     2.6785     2.3960     0.0040  0.1617178 -9.990e-29
         67      1.424    15.0318    15.0164   2.906844   2.896190     2.6758     2.3950     0.0040  0.1617363 -9.990e-29
         68      1.434    15.0316    15.0161   2.907071   2.896682     2.6730     2.3939     0.0040  0.1617604 -9.990e-29
         69      1.444    15.0313    15.0160   2.907311   2.897226     2.6702     2.3928     0.0040  0.1617895 -9.990e-29
         70      1.455    15.0311    15.0161   2.907550   2.897819     2.6675     2.3917     0.0040  0.1618229 -9.990e-29
         71      1.466    15.0309    15.0163   2.907775   2.898453     2.6648     2.3906     0.0042  0.1618600 -9.990e-29
         72      1.477    15.0307    15.0167   2.907984   2.899121     2.6621     2.3895     0.0046  0.1618994 -9.990e-29
         73      1.489    15.0305    15.0174   2.908171   2.899811     2.6594     2.3883     0.0046  0.1619396 -9.990e-29
         74      1.501    15.0303    15.0181   2.908333   2.900515     2.6568     2.3872     0.0044  0.1619783 -9.990e-29
         75      1.514    15.0301    15.0189   2.908465   2.901221     2.6542     2.3861     0.0046  0.1620151 -9.990e-29
         76      1.527    15.0299    15.0198   2.908563   2.901920     2.6516     2.3849     0.0046  0.1620518 -9.990e-29
         77      1.540    15.0296    15.0207   2.908626   2.902604     2.6490     2.3838     0.0044  0.1620879 -9.990e-29
         78      1.553    15.0293    15.0217   2.908655   2.903265     2.6464     2.3826     0.0044  0.1621210 -9.990e-29
         79      1.567    15.0290    15.0225   2.908650   2.903894     2.6439     2.3815     0.0044  0.1621505 -9.990e-29
         80      1.581    15.0286    15.0234   2.908613   2.904484     2.6413     2.3803     0.0044  0.1621767 -9.990e-29
         81      1.596    15.0282    15.0241   2.908542   2.905027     2.6388     2.3791     0.0044  0.1621997 -9.990e-29
         82      1.610    15.0277    15.0248   2.908438   2.905517     2.6363     2.3780     0.0046  0.1622206 -9.990e-29
         83      1.625    15.0272    15.0254   2.908300   2.905948     2.6339     2.3768     0.0046  0.1622419 -9.990e-29
         84      1.640    15.0267    15.0259   2.908126   2.906317     2.6314     2.3756     0.0044  0.1622648 -9.990e-29
         85      1.654    15.0261    15.0263   2.907916   2.906620     2.6290     2.3745     0.0044  0.1622868 -9.990e-29
         86      1.669    15.0255    15.0266   2.907672   2.906857     2.6266     2.3733     0.0044  0.1623064 -9.990e-29
         87      1.684    15.0248    15.0269   2.907395   2.907026     2.6242     2.3722     0.0046  0.1623246 -9.990e-29
         88      1.700    15.0242    15.0270   2.907087   2.907128     2.6218     2.3711     0.0046  0.1623432 -9.990e-29
         89      1.715    15.0236    15.0271   2.906752   2.907162     2.6194     2.3699     0.0044  0.1623623 -9.990e-29
         90      1.731    15.0229    15.0270   2.906394   2.907130     2.6171     2.3688     0.0044  0.1623804 -9.990e-29
         91      1.747    15.0222    15.0269   2.906017   2.907034     2.6148     2.3677     0.0046  0.1623984 -9.990e-29
         92      1.763    15.0214    15.0266   2.905627   2.906879     2.6125     2.3666     0.0046  0.1624198 -9.990e-29
         93      1.779    15.0207    15.0263   2.905229   2.906668     2.6102     2.3655     0.0046  0.1624466 -9.990e-29
         94      1.795    15.0200    15.0259   2.904827   2.906409     2.6079     2.3644     0.0044  0.1624772 -9.990e-29
         95      1.811    15.0193    15.0255   2.904426   2.906109     2.6057     2.3634     0.0044  0.1625083 -9.990e-29
         96      1.827    15.0186    15.0250   2.904030   2.905775     2.6034     2.3623     0.0044  0.1625386 -9.990e-29
         97      1.843    15.0180    15.0245   2.903643   2.905414     2.6012     2.3613     0.0046  0.1625683 -9.990e-29
         98      1.859    15.0174    15.0240   2.903267   2.905033     2.5990     2.3602     0.0046  0.1625966 -9.990e-29
         99      1.876    15.0169    15.0235   2.902906   2.904640     2.5968     2.3592     0.0046  0.1626221 -9.990e-29
        100      1.892    15.0164    15.0230   2.902559   2.904238     2.5947     2.3582     0.0046  0.1626442 -9.990e-29
        101      1.909    15.0160    15.0226   2.902227   2.903832     2.5925     2.3573     0.0046  0.1626638 -9.990e-29
        102      1.925    15.0156    15.0221   2.901912   2.903426     2.5904     2.3563     0.0046  0.1626827 -9.990e-29
        103      1.942    15.0153    15.0217   2.901613   2.903023     2.5882     2.3554     0.0046  0.1627011 -9.990e-29
        104      1.959    15.0150    15.0212   2.901333   2.902628     2.5861     2.3544     0.0046  0.1627183 -9.990e-29
        105      1.975    15.0148    15.0208   2.901070   2.902242     2.5840     2.3535     0.0046  0.1627344 -9.990e-29
        106      1.992    15.0146    15.0204   2.900824   2.901869     2.5820     2.3526     0.0046  0.1627495 -9.990e-29
        107      2.009    15.0144    15.0201   2.900595   2.901510     2.5799     2.3517     0.0046  0.1627637 -9.990e-29
        108      2.026    15.0143    15.0197   2.900381   2.901165     2.5778     2.3508     0.0046  0.1627771 -9.990e-29
        109      2.042    15.0143    15.0194   2.900182   2.900836     2.5758     2.3500     0.0046  0.1627906 -9.990e-29
        110      2.059    15.0143    15.0191   2.899998   2.900523     2.5738     2.3491     0.0046  0.1628044 -9.990e-29
        111      2.076    15.0143    15.0188   2.899830   2.900224     2.5718     2.3482     0.0046  0.1628169 -9.990e-29
        112      2.093    15.0144    15.0186   2.899676   2.899942     2.5697     2.3474     0.0046  0.1628272 -9.990e-29
        113      2.110    15.0144    15.0183   2.899537   2.899675     2.5677     2.3466     0.0046  0.1628363 -9.990e-29
        114      2.126    15.0146    15.0181   2.899409   2.899424     2.5658     2.3457     0.0046  0.1628459 -9.990e-29
        115      2.144    15.0147    15.0180   2.899293   2.899188     2.5638     2.3449     0.0046  0.1628562 -9.990e-29
        116      2.161    15.0148    15.0178   2.899188   2.898966     2.5618     2.3441     0.0046  0.1628655 -9.990e-29
        117      2.178    15.0150    15.0177   2.899090   2.898758     2.5598     2.3432     0.0046  0.1628730 -9.990e-29
        118      2.195    15.0152    15.0176   2.899000   2.898563     2.5579     2.3424     0.0046  0.1628788 -9.990e-29
        119      2.213    15.0154    15.0175   2.898916   2.898379     2.5559     2.3416     0.0046  0.1628837 -9.990e-29
        120      2.230    15.0156    15.0175   2.898834   2.898206     2.5540     2.3408     0.0046  0.1628887 -9.990e-29
        121      2.247    15.0159    15.0174   2.898750   2.898041     2.5520     2.3400     0.0046  0.1628929 -9.990e-29
        122      2.265    15.0162    15.0174   2.898660   2.897882     2.5501     2.3392     0.0046  0.1628964 -9.990e-29
        123      2.282    15.0165    15.0174   2.898558   2.897726     2.5481     2.3384     0.0046  0.1629008 -9.990e-29
        124      2.300    15.0168    15.0175   2.898440   2.897571     2.5462     2.3377     0.0046  0.1629062 -9.990e-29
        125      2.317    15.0171    15.0176   2.898303   2.897413     2.5443     2.3369     0.0046  0.1629110 -9.990e-29
        126      2.335    15.0175    15.0178   2.898147   2.897252     2.5423     2.3361     0.0046  0.1629152 -9.990e-29
        127      2.353    15.0178    15.0179   2.897972   2.897087     2.5404     2.3354     0.0046  0.1629196 -9.990e-29
        128      2.371    15.0182    15.0182   2.897780   2.896919     2.5385     2.3346     0.0046  0.1629235 -9.990e-29
        129      2.390    15.0187    15.0184   2.897574   2.896749     2.5365     2.3339     0.0046  0.1629268 -9.990e-29
        130      2.408    15.0191    15.0188   2.897359   2.896577     2.5346     2.3332     0.0046  0.1629305 -9.990e-29
        131      2.426    15.0196    15.0191   2.897138   2.896404     2.5327     2.3324     0.0046  0.1629345 -9.990e-29
