data/2021/ctd_data_day1/Station 2ex 210921_ctm.cnv
* Sea-Bird SBE 9 Data File:
* FileName = C:\Users\CTD-User\Desktop\MAR440\Station 2ex 210921.hex
* Software Version Seasave V 7.26.2.13
* Temperature SN = 6313
* Conductivity SN = 4758
* Number of Bytes Per Scan = 30
* Number of Voltage Words = 4
* Number of Scans Averaged by the Deck Unit = 1
* NMEA baud rate = 4800
** Ship:
** Station:
** Operator:
# nquan = 11
# nvalues = 3819                        
# units = specified
# name 0 = scan: Scan Count
# name 1 = prDM: Pressure, Digiquartz [db]
# name 2 = t090C: Temperature [ITS-90, deg C]
# name 3 = t190C: Temperature, 2 [ITS-90, deg C]
# name 4 = c0S/m: Conductivity [S/m]
# name 5 = c1S/m: Conductivity, 2 [S/m]
# name 6 = sbeox0V: Oxygen raw, SBE 43 [V]
# name 7 = sbeox1V: Oxygen raw, SBE 43, 2 [V]
# name 8 = flECO-AFL: Fluorescence, WET Labs ECO-AFL/FL [mg/m^3]
# name 9 = upoly0: Upoly 0, Turbidity
# name 10 = flag:  0.000e+00
# span 0 =          1,       3819       
# span 1 =      0.200,     24.037       
# span 2 =    13.0098,    16.1645       
# span 3 =    13.0064,    16.1714       
# span 4 =   2.855505,   3.803001       
# span 5 =   2.857414,   3.804093       
# span 6 =     0.9315,     2.9243       
# span 7 =     1.0304,     2.8791       
# span 8 =     0.0033,     0.0101       
# span 9 =  0.0869316,  0.2349170       
# span 10 = 0.0000e+00, 0.0000e+00      
# interval = seconds: 0.0416667
# start_time = Sep 21 2021 11:43:06 [System UTC, header]
# bad_flag = -9.990e-29
*END*
          1      1.508    14.5157    14.5235   2.860781   2.865212     2.5775     2.5568     0.0055  0.2271026 0.0000e+00
          2      1.425    14.5154    14.5230   2.860862   2.865248     2.5763     2.5568     0.0055  0.2271026 0.0000e+00
          3      1.508    14.5154    14.5230   2.860938   2.865173     2.5763     2.5568     0.0055  0.2271026 0.0000e+00
          4      1.425    14.5152    14.5235   2.860954   2.865137     2.5763     2.5568     0.0055  0.2271026 0.0000e+00
          5      1.450    14.5149    14.5235   2.860969   2.865137     2.5751     2.5568     0.0055  0.2271026 0.0000e+00
          6      1.483    14.5150    14.5235   2.860996   2.865185     2.5751     2.5568     0.0055  0.2271026 0.0000e+00
          7      1.450    14.5149    14.5231   2.861105   2.865167     2.5751     2.5568     0.0055  0.2271026 0.0000e+00
          8      1.483    14.5147    14.5223   2.861093   2.865197     2.5751     2.5568     0.0055  0.2271026 0.0000e+00
          9      1.450    14.5142    14.5210   2.861064   2.865132     2.5739     2.5556     0.0055  0.2271026 0.0000e+00
         10      1.425    14.5142    14.5193   2.861113   2.865072     2.5739     2.5556     0.0055  0.2275910 0.0000e+00
         11      1.508    14.5139    14.5186   2.861052   2.865102     2.5739     2.5556     0.0055  0.2295446 0.0000e+00
         12      1.425    14.5144    14.5185   2.861065   2.865064     2.5751     2.5556     0.0055  0.2300330 0.0000e+00
         13      1.450    14.5147    14.5186   2.861142   2.865059     2.5739     2.5556     0.0055  0.2300330 0.0000e+00
         14      1.450    14.5150    14.5185   2.861101   2.865021     2.5739     2.5556     0.0055  0.2300330 0.0000e+00
         15      1.483    14.5159    14.5181   2.861104   2.864977     2.5739     2.5556     0.0053  0.2300330 0.0000e+00
         16      1.392    14.5164    14.5177   2.861079   2.864916     2.5726     2.5556     0.0055  0.2300330 0.0000e+00
         17      1.483    14.5166    14.5170   2.861085   2.864897     2.5726     2.5556     0.0055  0.2300330 0.0000e+00
         18      1.450    14.5166    14.5163   2.861074   2.864797     2.5726     2.5556     0.0055  0.2300330 0.0000e+00
         19      1.425    14.5167    14.5161   2.861145   2.864765     2.5726     2.5556     0.0055  0.2300330 0.0000e+00
         20      1.450    14.5164    14.5155   2.861051   2.864778     2.5714     2.5556     0.0055  0.2300330 0.0000e+00
         21      1.425    14.5162    14.5151   2.861012   2.864729     2.5714     2.5556     0.0055  0.2300330 0.0000e+00
         22      1.450    14.5161    14.5151   2.861088   2.864648     2.5714     2.5556     0.0055  0.2300330 0.0000e+00
         23      1.483    14.5161    14.5151   2.861078   2.864686     2.5714     2.5556     0.0055  0.2300330 0.0000e+00
         24      1.392    14.5157    14.5151   2.861043   2.864648     2.5714     2.5568     0.0055  0.2300330 0.0000e+00
         25      1.483    14.5155    14.5146   2.861091   2.864545     2.5714     2.5556     0.0055  0.2300330 0.0000e+00
         26      1.450    14.5161    14.5136   2.861018   2.864691     2.5714     2.5556     0.0055  0.2300330 0.0000e+00
         27      1.425    14.5167    14.5100   2.861003   2.864699     2.5714     2.5556     0.0055  0.2300330 0.0000e+00
         28      1.450    14.5176    14.5048   2.860974   2.864690     2.5702     2.5556     0.0055  0.2300330 0.0000e+00
         29      1.425    14.5183    14.5009   2.860944   2.864703     2.5702     2.5568     0.0053  0.2300330 0.0000e+00
         30      1.450    14.5187    14.4985   2.860979   2.864759     2.5702     2.5556     0.0055  0.2300330 0.0000e+00
         31      1.483    14.5189    14.4967   2.860930   2.864633     2.5702     2.5556     0.0055  0.2300330 0.0000e+00
         32      1.450    14.5184    14.4945   2.860889   2.864696     2.5702     2.5556     0.0055  0.2300330 0.0000e+00
         33      1.483    14.5176    14.4933   2.860756   2.864734     2.5702     2.5556     0.0055  0.2300330 0.0000e+00
         34      1.450    14.5167    14.4927   2.860714   2.864636     2.5702     2.5556     0.0055  0.2300330 0.0000e+00
         35      1.483    14.5164    14.4921   2.860751   2.864634     2.5702     2.5556     0.0055  0.2300330 0.0000e+00
         36      1.450    14.5159    14.4923   2.860684   2.864630     2.5702     2.5556     0.0057  0.2290562 0.0000e+00
         37      1.425    14.5155    14.4923   2.860617   2.864566     2.5702     2.5556     0.0059  0.2271026 0.0000e+00
         38      1.450    14.5155    14.4919   2.860584   2.864565     2.5702     2.5556     0.0059  0.2271026 0.0000e+00
         39      1.483    14.5152    14.4918   2.860534   2.864571     2.5702     2.5556     0.0059  0.2271026 0.0000e+00
         40      1.450    14.5145    14.4909   2.860498   2.864551     2.5690     2.5556     0.0059  0.2271026 0.0000e+00
         41      1.450    14.5132    14.4906   2.860444   2.864562     2.5690     2.5556     0.0059  0.2271026 0.0000e+00
         42      1.425    14.5119    14.4903   2.860330   2.864486     2.5690     2.5543     0.0059  0.2271026 0.0000e+00
         43      1.450    14.5105    14.4899   2.860325   2.864382     2.5690     2.5556     0.0059  0.2271026 0.0000e+00
         44      1.425    14.5098    14.4888   2.860241   2.864369     2.5678     2.5543     0.0059  0.2271026 0.0000e+00
         45      1.450    14.5095    14.4869   2.860104   2.864302     2.5690     2.5543     0.0059  0.2271026 0.0000e+00
         46      1.425    14.5093    14.4844   2.860049   2.864245     2.5690     2.5543     0.0059  0.2271026 0.0000e+00
         47      1.392    14.5095    14.4823   2.860000   2.864216     2.5690     2.5543     0.0059  0.2271026 0.0000e+00
         48      1.483    14.5103    14.4800   2.859830   2.864127     2.5690     2.5531     0.0059  0.2271026 0.0000e+00
         49      1.392    14.5105    14.4774   2.859782   2.864037     2.5690     2.5531     0.0059  0.2271026 0.0000e+00
         50      1.425    14.5112    14.4758   2.859702   2.863967     2.5690     2.5531     0.0059  0.2271026 0.0000e+00
         51      1.450    14.5113    14.4759   2.859578   2.863952     2.5678     2.5531     0.0059  0.2271026 0.0000e+00
         52      1.425    14.5110    14.4764   2.859560   2.863831     2.5678     2.5531     0.0059  0.2271026 0.0000e+00
         53      1.392    14.5110    14.4771   2.859468   2.863722     2.5678     2.5519     0.0059  0.2271026 0.0000e+00
         54      1.482    14.5110    14.4758   2.859473   2.863625     2.5678     2.5519     0.0059  0.2271026 0.0000e+00
         55      1.392    14.5105    14.4740   2.859302   2.863495     2.5678     2.5519     0.0059  0.2271026 0.0000e+00
         56      1.482    14.5095    14.4731   2.859255   2.863391     2.5678     2.5507     0.0059  0.2271026 0.0000e+00
         57      1.392    14.5088    14.4722   2.859204   2.863334     2.5678     2.5507     0.0059  0.2271026 0.0000e+00
         58      1.425    14.5080    14.4717   2.859201   2.863301     2.5678     2.5495     0.0059  0.2271026 0.0000e+00
         59      1.449    14.5071    14.4710   2.859142   2.863180     2.5678     2.5495     0.0059  0.2271026 0.0000e+00
         60      1.482    14.5062    14.4704   2.859079   2.862996     2.5678     2.5482     0.0059  0.2271026 0.0000e+00
         61      1.392    14.5052    14.4691   2.859021   2.862981     2.5665     2.5482     0.0059  0.2271026 0.0000e+00
         62      1.482    14.5031    14.4680   2.859019   2.862892     2.5678     2.5482     0.0057  0.2261258 0.0000e+00
         63      1.449    14.5001    14.4670   2.858975   2.862706     2.5678     2.5470     0.0057  0.2261258 0.0000e+00
         64      1.425    14.4967    14.4673   2.858951   2.862563     2.5678     2.5470     0.0057  0.2261258 0.0000e+00
         65      1.449    14.4908    14.4688   2.858989   2.862419     2.5665     2.5458     0.0057  0.2261258 0.0000e+00
         66      1.482    14.4856    14.4714   2.858865   2.862290     2.5665     2.5458     0.0057  0.2261258 0.0000e+00
         67      1.449    14.4807    14.4718   2.858847   2.862071     2.5665     2.5446     0.0057  0.2261258 0.0000e+00
         68      1.449    14.4768    14.4714   2.858888   2.861811     2.5665     2.5433     0.0057  0.2261258 0.0000e+00
         69      1.482    14.4737    14.4722   2.858812   2.861551     2.5665     2.5433     0.0057  0.2261258 0.0000e+00
         70      1.507    14.4717    14.4732   2.858777   2.861206     2.5665     2.5421     0.0057  0.2261258 0.0000e+00
         71      1.482    14.4702    14.4734   2.858587   2.860971     2.5665     2.5421     0.0057  0.2261258 0.0000e+00
         72      1.449    14.4697    14.4729   2.858668   2.860700     2.5653     2.5409     0.0057  0.2261258 0.0000e+00
         73      1.482    14.4714    14.4790   2.858539   2.860472     2.5665     2.5409     0.0057  0.2261258 0.0000e+00
         74      1.507    14.4757    14.4879   2.858420   2.860205     2.5665     2.5409     0.0057  0.2261258 0.0000e+00
         75      1.482    14.4824    14.4957   2.858435   2.859897     2.5665     2.5397     0.0057  0.2261258 0.0000e+00
         76      1.449    14.4890    14.5024   2.858434   2.859610     2.5653     2.5385     0.0055  0.2261258 0.0000e+00
         77      1.482    14.4927    14.5034   2.858395   2.859361     2.5653     2.5372     0.0057  0.2261258 0.0000e+00
         78      1.507    14.4955    14.5014   2.858308   2.859154     2.5641     2.5372     0.0057  0.2261258 0.0000e+00
         79      1.482    14.4987    14.5002   2.858315   2.858940     2.5653     2.5360     0.0057  0.2261258 0.0000e+00
         80      1.449    14.5007    14.5045   2.858252   2.858763     2.5653     2.5360     0.0057  0.2261258 0.0000e+00
         81      1.482    14.5014    14.5056   2.858206   2.858579     2.5653     2.5348     0.0057  0.2261258 0.0000e+00
         82      1.507    14.5012    14.5056   2.858156   2.858412     2.5653     2.5348     0.0057  0.2261258 0.0000e+00
         83      1.482    14.5011    14.5051   2.857982   2.858228     2.5641     2.5336     0.0057  0.2261258 0.0000e+00
         84      1.449    14.5017    14.5021   2.857952   2.858060     2.5641     2.5324     0.0057  0.2261258 0.0000e+00
         85      1.482    14.5033    14.4997   2.857904   2.857948     2.5641     2.5324     0.0057  0.2261258 0.0000e+00
         86      1.449    14.5046    14.4985   2.857794   2.857880     2.5641     2.5311     0.0057  0.2261258 0.0000e+00
         87      1.482    14.5062    14.4984   2.857747   2.857826     2.5641     2.5311     0.0057  0.2305214 0.0000e+00
         88      1.507    14.5069    14.4989   2.857596   2.857736     2.5641     2.5299     0.0057  0.2339402 0.0000e+00
         89      1.482    14.5071    14.4996   2.857472   2.857712     2.5641     2.5287     0.0057  0.2344286 0.0000e+00
         90      1.449    14.5071    14.4995   2.857380   2.857691     2.5629     2.5287     0.0057  0.2344286 0.0000e+00
         91      1.482    14.5068    14.4989   2.857340   2.857603     2.5629     2.5275     0.0057  0.2344286 0.0000e+00
         92      1.507    14.5064    14.4980   2.857339   2.857540     2.5641     2.5275     0.0057  0.2339402 0.0000e+00
         93      1.482    14.5060    14.4972   2.857316   2.857414     2.5641     2.5263     0.0057  0.2344286 0.0000e+00
         94      1.449    14.5056    14.4975   2.857424   2.857442     2.5629     2.5263     0.0057  0.2344286 0.0000e+00
         95      1.507    14.5058    14.4977   2.857446   2.857443     2.5629     2.5263     0.0057  0.2344286 0.0000e+00
         96      1.482    14.5061    14.4980   2.857240   2.857477     2.5629     2.5250     0.0057  0.2344286 0.0000e+00
         97      1.449    14.5066    14.4987   2.857014   2.857555     2.5629     2.5238     0.0057  0.2344286 0.0000e+00
         98      1.482    14.5071    14.4985   2.856863   2.857576     2.5629     2.5238     0.0057  0.2339402 0.0000e+00
         99      1.507    14.5068    14.4980   2.856710   2.857591     2.5629     2.5238     0.0057  0.2344286 0.0000e+00
        100      1.482    14.5067    14.4973   2.856639   2.857679     2.5629     2.5226     0.0057  0.2344286 0.0000e+00
        101      1.507    14.5063    14.4972   2.856599   2.857690     2.5629     2.5214     0.0057  0.2344286 0.0000e+00
        102      1.482    14.5070    14.4980   2.856509   2.857661     2.5629     2.5214     0.0057  0.2339402 0.0000e+00
        103      1.507    14.5082    14.5000   2.856422   2.857723     2.5629     2.5214     0.0057  0.2344286 0.0000e+00
        104      1.482    14.5093    14.5029   2.856371   2.857875     2.5629     2.5201     0.0057  0.2344286 0.0000e+00
        105      1.507    14.5108    14.5066   2.856181   2.857991     2.5629     2.5189     0.0057  0.2344286 0.0000e+00
        106      1.540    14.5124    14.5124   2.856105   2.858170     2.5629     2.5189     0.0057  0.2344286 0.0000e+00
        107      1.507    14.5147    14.5193   2.856158   2.858384     2.5629     2.5177     0.0057  0.2344286 0.0000e+00
        108      1.540    14.5176    14.5255   2.856076   2.858597     2.5629     2.5165     0.0057  0.2344286 0.0000e+00
        109      1.507    14.5186    14.5276   2.856026   2.858696     2.5629     2.5165     0.0057  0.2344286 0.0000e+00
        110      1.540    14.5201    14.5284   2.855961   2.858748     2.5629     2.5165     0.0057  0.2344286 0.0000e+00
        111      1.507    14.5213    14.5313   2.855883   2.858856     2.5629     2.5165     0.0057  0.2344286 0.0000e+00
        112      1.540    14.5218    14.5342   2.855684   2.858973     2.5617     2.5153     0.0057  0.2334518 0.0000e+00
        113      1.507    14.5235    14.5369   2.855592   2.859091     2.5617     2.5153     0.0059  0.2300330 0.0000e+00
        114      1.540    14.5257    14.5391   2.855594   2.859142     2.5629     2.5140     0.0059  0.2285678 0.0000e+00
        115      1.507    14.5271    14.5411   2.855617   2.859177     2.5629     2.5140     0.0059  0.2290562 0.0000e+00
        116      1.540    14.5297    14.5408   2.855609   2.859229     2.5629     2.5140     0.0059  0.2290562 0.0000e+00
        117      1.573    14.5325    14.5360   2.855550   2.859221     2.5629     2.5128     0.0059  0.2290562 0.0000e+00
        118      1.540    14.5347    14.5309   2.855541   2.859201     2.5629     2.5128     0.0059  0.2285678 0.0000e+00
        119      1.507    14.5366    14.5266   2.855505   2.859238     2.5629     2.5128     0.0059  0.2285678 0.0000e+00
        120      1.573    14.5376    14.5264   2.855557   2.859296     2.5629     2.5128     0.0059  0.2285678 0.0000e+00
        121      1.540    14.5365    14.5296   2.855601   2.859362     2.5629     2.5128     0.0059  0.2285678 0.0000e+00
        122      1.507    14.5337    14.5322   2.855633   2.859387     2.5629     2.5116     0.0059  0.2290562 0.0000e+00
        123      1.540    14.5307    14.5315   2.855632   2.859443     2.5641     2.5116     0.0059  0.2290562 0.0000e+00
        124      1.573    14.5282    14.5279   2.855600   2.859628     2.5641     2.5116     0.0059  0.2285678 0.0000e+00
        125      1.540    14.5260    14.5232   2.855564   2.859734     2.5641     2.5116     0.0059  0.2285678 0.0000e+00
        126      1.573    14.5241    14.5218   2.855633   2.859830     2.5641     2.5116     0.0059  0.2285678 0.0000e+00
        127      1.540    14.5230    14.5214   2.855705   2.859952     2.5653     2.5116     0.0059  0.2285678 0.0000e+00
        128      1.573    14.5223    14.5209   2.855783   2.859988     2.5653     2.5116     0.0057  0.2285678 0.0000e+00
        129      1.540    14.5220    14.5209   2.855712   2.860107     2.5653     2.5128     0.0059  0.2290562 0.0000e+00
        130      1.573    14.5218    14.5212   2.855776   2.860312     2.5653     2.5128     0.0059  0.2285678 0.0000e+00
        131      1.540    14.5221    14.5229   2.855826   2.860485     2.5653     2.5128     0.0059  0.2290562 0.0000e+00
