data/2021/ctd_data_day1/Station 1 ex 210921_ctm.cnv
* Sea-Bird SBE 9 Data File:
* FileName = C:\Users\CTD-User\Desktop\MAR440\Station 1 ex 210921.hex
* Software Version Seasave V 7.26.2.13
* Temperature SN = 6313
* Conductivity SN = 4758
* Number of Bytes Per Scan = 30
* Number of Voltage Words = 4
* Number of Scans Averaged by the Deck Unit = 1
* NMEA baud rate = 4800
** Ship:
** Station:
** Operator:
# nquan = 11
# nvalues = 3592                        
# units = specified
# name 0 = scan: Scan Count
# name 1 = prDM: Pressure, Digiquartz [db]
# name 2 = t090C: Temperature [ITS-90, deg C]
# name 3 = t190C: Temperature, 2 [ITS-90, deg C]
# name 4 = c0S/m: Conductivity [S/m]
# name 5 = c1S/m: Conductivity, 2 [S/m]
# name 6 = sbeox0V: Oxygen raw, SBE 43 [V]
# name 7 = sbeox1V: Oxygen raw, SBE 43, 2 [V]
# name 8 = flECO-AFL: Fluorescence, WET Labs ECO-AFL/FL [mg/m^3]
# name 9 = upoly0: Upoly 0, Turbidity
# name 10 = flag:  0.000e+00
# span 0 =          1,       3592       
# span 1 =      0.134,     30.832       
# span 2 =     7.8918,    16.1993       
# span 3 =     7.8898,    16.2048       
# span 4 =   2.884743,   3.774460       
# span 5 =   2.871701,   3.775522       
# span 6 =     0.6713,     2.9072       
# span 7 =     0.7251,     2.8022       
# span 8 =     0.0035,     0.1207       
# span 9 =  0.0859548,  0.1714249       
# span 10 = 0.0000e+00, 0.0000e+00      
# interval = seconds: 0.0416667
# start_time = Sep 21 2021 11:23:14 [System UTC, header]
# bad_flag = -9.990e-29
*END*
[from data line 394]
        395      8.115    15.0329    14.7313   2.887576   2.893848     2.2112     2.3431     0.0046  0.1582381 0.0000e+00
        396      8.148    15.0459    14.7399   2.887565   2.893861     2.2112     2.3443     0.0046  0.1587265 0.0000e+00
        397      8.173    15.0599    14.7577   2.887547   2.893970     2.2112     2.3455     0.0046  0.1582381 0.0000e+00
        398      8.239    15.0722    14.7673   2.887583   2.894057     2.2112     2.3455     0.0046  0.1587265 0.0000e+00
        399      8.214    15.0793    14.7683   2.887856   2.894056     2.2112     2.3455     0.0046  0.1587265 0.0000e+00
        400      8.239    15.0840    14.7739   2.887966   2.894036     2.2100     2.3468     0.0046  0.1587265 0.0000e+00
        401      8.297    15.0935    14.7850   2.887891   2.894004     2.2100     2.3480     0.0046  0.1577497 0.0000e+00
        402      8.272    15.1083    14.8012   2.887865   2.894110     2.2100     2.3492     0.0046  0.1572613 0.0000e+00
        403      8.297    15.1257    14.8134   2.887937   2.894169     2.2100     2.3492     0.0049  0.1523773 0.0000e+00
        404      8.297    15.1377    14.8281   2.888052   2.894172     2.2100     2.3492     0.0049  0.1504237 0.0000e+00
        405      8.396    15.1496    14.8551   2.888150   2.894092     2.2088     2.3492     0.0049  0.1499353 0.0000e+00
        406      8.363    15.1654    14.8758   2.888165   2.894139     2.2088     2.3504     0.0049  0.1509121 0.0000e+00
        407      8.363    15.1787    14.8828   2.888257   2.894257     2.2088     2.3516     0.0049  0.1509121 0.0000e+00
        408      8.396    15.1939    14.8828   2.888313   2.894234     2.2088     2.3529     0.0049  0.1509121 0.0000e+00
        409      8.478    15.2153    14.8822   2.888447   2.894100     2.2088     2.3529     0.0049  0.1509121 0.0000e+00
        410      8.420    15.2371    14.8824   2.888516   2.894019     2.2076     2.3529     0.0049  0.1504237 0.0000e+00
        411      8.519    15.2514    14.8851   2.888590   2.894055     2.2076     2.3541     0.0049  0.1504237 0.0000e+00
        412      8.478    15.2582    14.8919   2.888623   2.894032     2.2076     2.3541     0.0049  0.1509121 0.0000e+00
        413      8.478    15.2661    14.9044   2.888567   2.894013     2.2076     2.3541     0.0049  0.1504237 0.0000e+00
        414      8.519    15.2821    14.9150   2.888695   2.893940     2.2076     2.3553     0.0049  0.1509121 0.0000e+00
        415      8.602    15.2919    14.9264   2.888804   2.893852     2.2076     2.3553     0.0049  0.1509121 0.0000e+00
        416      8.544    15.2997    14.9393   2.888796   2.893905     2.2076     2.3565     0.0049  0.1504237 0.0000e+00
        417      8.643    15.3068    14.9549   2.888769   2.893914     2.2076     2.3565     0.0049  0.1509121 0.0000e+00
        418      8.602    15.3220    14.9747   2.888730   2.893945     2.2063     2.3565     0.0049  0.1509121 0.0000e+00
        419      8.577    15.3457    15.0013   2.888887   2.893980     2.2063     2.3565     0.0049  0.1504237 0.0000e+00
        420      8.725    15.3676    15.0315   2.889064   2.893931     2.2063     2.3565     0.0049  0.1504237 0.0000e+00
        421      8.668    15.3930    15.0563   2.889205   2.894018     2.2063     2.3578     0.0049  0.1509121 0.0000e+00
        422      8.700    15.4099    15.0716   2.889181   2.893986     2.2063     2.3578     0.0049  0.1504237 0.0000e+00
        423      8.725    15.4213    15.0775   2.889065   2.894004     2.2063     2.3578     0.0049  0.1504237 0.0000e+00
        424      8.725    15.4358    15.0839   2.889217   2.894002     2.2063     2.3578     0.0049  0.1504237 0.0000e+00
        425      8.700    15.4477    15.1025   2.889381   2.893891     2.2063     2.3578     0.0049  0.1504237 0.0000e+00
        426      8.849    15.4552    15.1098   2.889462   2.893822     2.2063     2.3578     0.0049  0.1509121 0.0000e+00
        427      8.791    15.4794    15.1048   2.889526   2.893824     2.2051     2.3578     0.0049  0.1504237 0.0000e+00
        428      8.824    15.5011    15.0923   2.889449   2.893618     2.2063     2.3578     0.0048  0.1455397 0.0000e+00
        429      8.791    15.5194    15.0817   2.889341   2.893578     2.2051     2.3578     0.0046  0.1401673 0.0000e+00
        430      8.906    15.5281    15.0828   2.889567   2.893582     2.2051     2.3578     0.0046  0.1391905 0.0000e+00
        431      8.890    15.5351    15.0942   2.889798   2.893449     2.2051     2.3578     0.0046  0.1391905 0.0000e+00
        432      8.849    15.5411    15.1052   2.889829   2.893475     2.2051     2.3578     0.0046  0.1396789 0.0000e+00
        433      8.906    15.5357    15.1132   2.889601   2.893415     2.2051     2.3578     0.0046  0.1396789 0.0000e+00
        434      9.005    15.5295    15.1302   2.889366   2.893378     2.2051     2.3578     0.0046  0.1396789 0.0000e+00
        435      8.906    15.5244    15.1370   2.889413   2.893376     2.2051     2.3578     0.0046  0.1396789 0.0000e+00
        436      8.972    15.5292    15.1361   2.889680   2.893351     2.2051     2.3578     0.0046  0.1396789 0.0000e+00
        437      9.005    15.5416    15.1328   2.889774   2.893225     2.2051     2.3578     0.0046  0.1396789 0.0000e+00
        438      9.030    15.5395    15.1307   2.889636   2.893076     2.2051     2.3578     0.0046  0.1396789 0.0000e+00
        439      9.030    15.5341    15.1263   2.889381   2.893021     2.2039     2.3578     0.0046  0.1396789 0.0000e+00
        440      9.096    15.5307    15.1396   2.889398   2.893045     2.2039     2.3578     0.0046  0.1396789 0.0000e+00
        441      9.071    15.5311    15.1531   2.889608   2.892940     2.2039     2.3578     0.0046  0.1396789 0.0000e+00
        442      9.096    15.5348    15.1576   2.889746   2.892887     2.2039     2.3565     0.0046  0.1396789 0.0000e+00
        443      9.096    15.5367    15.1690   2.889656   2.892855     2.2039     2.3565     0.0046  0.1396789 0.0000e+00
        444      9.129    15.5445    15.1776   2.889579   2.892741     2.2039     2.3565     0.0046  0.1396789 0.0000e+00
        445      9.154    15.5654    15.1765   2.889650   2.892525     2.2039     2.3565     0.0046  0.1396789 0.0000e+00
        446      9.096    15.5872    15.1879   2.889852   2.892390     2.2039     2.3553     0.0046  0.1396789 0.0000e+00
        447      9.195    15.5839    15.1930   2.890086   2.892301     2.2039     2.3553     0.0046  0.1396789 0.0000e+00
        448      9.154    15.5672    15.1866   2.890193   2.892085     2.2039     2.3553     0.0046  0.1396789 0.0000e+00
        449      9.211    15.5399    15.1688   2.890153   2.891918     2.2027     2.3553     0.0046  0.1396789 0.0000e+00
        450      9.129    15.4937    15.1505   2.889960   2.891733     2.2027     2.3553     0.0046  0.1396789 0.0000e+00
        451      9.211    15.4360    15.1181   2.889926   2.891419     2.2027     2.3541     0.0046  0.1396789 0.0000e+00
        452      9.154    15.3891    15.0359   2.890050   2.890929     2.2027     2.3541     0.0046  0.1396789 0.0000e+00
        453      9.252    15.3421    14.9111   2.890223   2.890239     2.2027     2.3541     0.0046  0.1362601 0.0000e+00
        454      9.211    15.3038    14.7829   2.890125   2.889549     2.2027     2.3541     0.0046  0.1211197 0.0000e+00
        455      9.211    15.2325    14.6565   2.889895   2.888816     2.2027     2.3529     0.0044  0.1147705 0.0000e+00
        456      9.195    15.1489    14.5477   2.889652   2.888109     2.2027     2.3529     0.0046  0.1142821 0.0000e+00
        457      9.211    15.0822    14.4584   2.889454   2.887438     2.2027     2.3529     0.0044  0.1147705 0.0000e+00
        458      9.211    15.0173    14.3898   2.889302   2.886808     2.2027     2.3516     0.0046  0.1152589 0.0000e+00
        459      9.195    14.9397    14.3363   2.889109   2.886234     2.2027     2.3516     0.0044  0.1157473 0.0000e+00
        460      9.211    14.8716    14.2919   2.888960   2.885637     2.2027     2.3516     0.0044  0.1157473 0.0000e+00
        461      9.211    14.8169    14.2580   2.888819   2.885059     2.2027     2.3516     0.0046  0.1152589 0.0000e+00
        462      9.252    14.7731    14.2320   2.888525   2.884598     2.2015     2.3517     0.0046  0.1152589 0.0000e+00
        463      9.153    14.7408    14.2143   2.888380   2.884089     2.2027     2.3517     0.0044  0.1157473 0.0000e+00
        464      9.211    14.7186    14.2018   2.888192   2.883627     2.2015     2.3517     0.0046  0.1152589 0.0000e+00
        465      9.252    14.7085    14.1920   2.888221   2.883159     2.2015     2.3517     0.0044  0.1157473 0.0000e+00
        466      9.153    14.7207    14.1822   2.888407   2.882676     2.2015     2.3529     0.0044  0.1157473 0.0000e+00
        467      9.211    14.7533    14.1742   2.888661   2.882155     2.2015     2.3529     0.0046  0.1152589 0.0000e+00
        468      9.195    14.7829    14.1673   2.888787   2.881635     2.2015     2.3529     0.0044  0.1157473 0.0000e+00
        469      9.153    14.7945    14.1622   2.888834   2.881078     2.2015     2.3541     0.0044  0.1157473 0.0000e+00
        470      9.211    14.7876    14.1597   2.888528   2.880369     2.2027     2.3541     0.0046  0.1147705 0.0000e+00
        471      9.195    14.7704    14.1616   2.888354   2.879768     2.2015     2.3541     0.0044  0.1157473 0.0000e+00
        472      9.211    14.7546    14.1668   2.888474   2.879202     2.2015     2.3541     0.0046  0.1147705 0.0000e+00
        473      9.153    14.7429    14.1717   2.888430   2.878823     2.2015     2.3529     0.0046  0.1147705 0.0000e+00
        474      9.195    14.7352    14.1703   2.888473   2.878437     2.2015     2.3529     0.0046  0.1152589 0.0000e+00
        475      9.153    14.7287    14.1671   2.888499   2.877995     2.2027     2.3529     0.0044  0.1157473 0.0000e+00
        476      9.211    14.7220    14.1642   2.888492   2.877462     2.2027     2.3529     0.0046  0.1152589 0.0000e+00
        477      9.129    14.7133    14.1592   2.888525   2.876765     2.2027     2.3541     0.0046  0.1147705 0.0000e+00
        478      9.211    14.7021    14.1541   2.888408   2.876256     2.2027     2.3541     0.0046  0.1152589 0.0000e+00
        479      9.153    14.6888    14.1495   2.888288   2.875885     2.2027     2.3541     0.0042  0.1118400 0.0000e+00
        480      9.194    14.6739    14.1475   2.888227   2.875652     2.2027     2.3541     0.0038  0.1074444 0.0000e+00
        481      9.096    14.6577    14.1397   2.888075   2.875268     2.2039     2.3553     0.0038  0.1064676 0.0000e+00
        482      9.211    14.6417    14.1314   2.888126   2.875028     2.2039     2.3565     0.0038  0.1064676 0.0000e+00
        483      9.129    14.6262    14.1242   2.888101   2.874610     2.2039     2.3578     0.0038  0.1064676 0.0000e+00
        484      9.211    14.6103    14.1202   2.888126   2.874235     2.2039     2.3590     0.0038  0.1069560 0.0000e+00
        485      9.153    14.5950    14.1152   2.888104   2.873949     2.2039     2.3602     0.0038  0.1069560 0.0000e+00
        486      9.128    14.5802    14.1098   2.887953   2.873639     2.2039     2.3614     0.0038  0.1069560 0.0000e+00
        487      9.153    14.5736    14.1054   2.887844   2.873463     2.2051     2.3639     0.0038  0.1064676 0.0000e+00
        488      9.153    14.5898    14.1005   2.887932   2.873301     2.2051     2.3663     0.0038  0.1069560 0.0000e+00
        489      9.128    14.6322    14.0946   2.888061   2.873183     2.2051     2.3687     0.0038  0.1069560 0.0000e+00
        490      9.211    14.6905    14.0878   2.888459   2.872977     2.2063     2.3712     0.0038  0.1069560 0.0000e+00
        491      9.153    14.7549    14.0801   2.888894   2.872875     2.2063     2.3736     0.0038  0.1064676 0.0000e+00
        492      9.153    14.8152    14.0701   2.888969   2.872699     2.2063     2.3761     0.0038  0.1069560 0.0000e+00
        493      9.128    14.8668    14.0611   2.889108   2.872538     2.2063     2.3797     0.0038  0.1069560 0.0000e+00
        494      9.153    14.9074    14.0553   2.889169   2.872518     2.2076     2.3822     0.0038  0.1069560 0.0000e+00
        495      9.153    14.9396    14.0524   2.889280   2.872429     2.2076     2.3858     0.0038  0.1069560 0.0000e+00
        496      9.128    14.9645    14.0504   2.889405   2.872419     2.2088     2.3883     0.0038  0.1064676 0.0000e+00
        497      9.153    14.9851    14.0492   2.889553   2.872472     2.2088     2.3919     0.0038  0.1069560 0.0000e+00
        498      9.153    15.0017    14.0479   2.889617   2.872481     2.2088     2.3944     0.0038  0.1069560 0.0000e+00
        499      9.128    15.0138    14.0470   2.889698   2.872502     2.2088     2.3981     0.0038  0.1064676 0.0000e+00
        500      9.153    15.0229    14.0461   2.889707   2.872534     2.2100     2.4017     0.0038  0.1069560 0.0000e+00
        501      9.153    15.0348    14.0457   2.889699   2.872540     2.2100     2.4054     0.0038  0.1069560 0.0000e+00
        502      9.128    15.0623    14.0453   2.889755   2.872563     2.2100     2.4090     0.0038  0.1064676 0.0000e+00
        503      9.153    15.1048    14.0450   2.889805   2.872679     2.2112     2.4115     0.0038  0.1069560 0.0000e+00
        504      9.153    15.1484    14.0448   2.890021   2.872692     2.2112     2.4151     0.0038  0.1069560 0.0000e+00
        505      9.194    15.2024    14.0450   2.890311   2.872684     2.2112     2.4188     0.0042  0.1093980 0.0000e+00
        506      9.095    15.2671    14.0458   2.890595   2.872738     2.2112     2.4225     0.0040  0.1108632 0.0000e+00
        507      9.153    15.3338    14.0463   2.890778   2.872753     2.2124     2.4249     0.0042  0.1108632 0.0000e+00
        508      9.128    15.3923    14.0470   2.890911   2.872736     2.2124     2.4286     0.0042  0.1108632 0.0000e+00
        509      9.153    15.4382    14.0501   2.891104   2.872821     2.2124     2.4310     0.0042  0.1108632 0.0000e+00
        510      9.095    15.4699    14.0708   2.891333   2.873070     2.2124     2.4347     0.0040  0.1103748 0.0000e+00
        511      9.070    15.4903    14.1169   2.891415   2.873368     2.2124     2.4371     0.0040  0.1108632 0.0000e+00
        512      9.095    15.5109    14.1599   2.891624   2.873593     2.2137     2.4408     0.0042  0.1108632 0.0000e+00
        513      9.095    15.5275    14.1718   2.891766   2.873589     2.2137     2.4432     0.0042  0.1108632 0.0000e+00
        514      9.070    15.5254    14.1578   2.891825   2.873460     2.2137     2.4457     0.0042  0.1108632 0.0000e+00
        515      9.095    15.4465    14.1355   2.891614   2.873190     2.2137     2.4481     0.0040  0.1108632 0.0000e+00
        516      9.029    15.3392    14.1150   2.891175   2.872798     2.2149     2.4506     0.0042  0.1108632 0.0000e+00
        517      9.070    15.2424    14.0965   2.890861   2.872588     2.2149     2.4530     0.0040  0.1108632 0.0000e+00
        518      9.029    15.1437    14.0799   2.890542   2.872482     2.2149     2.4567     0.0040  0.1108632 0.0000e+00
        519      9.029    15.0442    14.0664   2.890353   2.872323     2.2149     2.4579     0.0040  0.1108632 0.0000e+00
        520      8.947    15.0048    14.0582   2.890365   2.872434     2.2149     2.4603     0.0042  0.1108632 0.0000e+00
        521      9.029    14.9694    14.0482   2.890384   2.872439     2.2149     2.4628     0.0040  0.1108632 0.0000e+00
        522      8.905    14.9516    14.0332   2.890426   2.872427     2.2149     2.4640     0.0042  0.1108632 0.0000e+00
        523      9.004    14.9510    14.0190   2.890607   2.872466     2.2149     2.4652     0.0040  0.1108632 0.0000e+00
        524      8.905    14.9309    14.0033   2.890505   2.872456     2.2149     2.4677     0.0042  0.1108632 0.0000e+00
