data/2021/ctd_data_day1/Station 2ex 210921.cnv
* Sea-Bird SBE 9 Data File:
* FileName = C:\Users\CTD-User\Desktop\MAR440\Station 2ex 210921.hex
* Software Version Seasave V 7.26.2.13
* Temperature SN = 6313
* Conductivity SN = 4758
* Number of Bytes Per Scan = 30
* Number of Voltage Words = 4
* Number of Scans Averaged by the Deck Unit = 1
* NMEA baud rate = 4800
** Ship:
** Station:
** Operator:
# nquan = 11
# nvalues = 3819                                  
# units = specified
# name 0 = scan: Scan Count
# name 1 = prDM: Pressure, Digiquartz [db]
# name 2 = t090C: Temperature [ITS-90, deg C]
# name 3 = t190C: Temperature, 2 [ITS-90, deg C]
# name 4 = c0S/m: Conductivity [S/m]
# name 5 = c1S/m: Conductivity, 2 [S/m]
# name 6 = sbeox0V: Oxygen raw, SBE 43 [V]
# name 7 = sbeox1V: Oxygen raw, SBE 43, 2 [V]
# name 8 = flECO-AFL: Fluorescence, WET Labs ECO-AFL/FL [mg/m^3]
# name 9 = upoly0: Upoly 0, Turbidity
# name 10 = flag:  0.000e+00
# span 0 =          1,       3819                 
# span 1 =      0.200,     24.037                 
# span 2 =    13.0098,    16.1645                 
# span 3 =    13.0064,    16.1714                 
# span 4 =   2.855411,   3.803823                 
# span 5 =   2.857473,   3.804921                 
# span 6 =     0.9315,     2.9243                 
# span 7 =     1.0304,     2.8791                 
# span 8 =     0.0033,     0.0101                 
# span 9 =  0.0869316,  0.2349170                 
# span 10 = 0.0000e+00, 0.0000e+00                
# interval = seconds: 0.0416667
# start_time = Sep 21 2021 11:43:06 [System UTC, header]
# bad_flag = -9.990e-29
*END*
[from data line 3541]
       3542     23.103    13.4965    13.4619   3.775554   3.780765     0.9376     1.0340     0.0071  0.0888852  0.000e+00
       3543     23.119    13.4989    13.4622   3.775354   3.780801     0.9388     1.0340     0.0070  0.0888852  0.000e+00
       3544     23.119    13.4996    13.4619   3.774935   3.780717     0.9388     1.0340     0.0071  0.0888852  0.000e+00
       3545     23.119    13.4977    13.4624   3.774675   3.780753     0.9376     1.0340     0.0071  0.0888852  0.000e+00
       3546     23.119    13.4959    13.4626   3.774481   3.780681     0.9376     1.0353     0.0071  0.0888852  0.000e+00
       3547     23.119    13.4946    13.4626   3.774505   3.780693     0.9388     1.0353     0.0071  0.0888852  0.000e+00
       3548     23.119    13.4910    13.4628   3.774632   3.780591     0.9388     1.0353     0.0071  0.0888852  0.000e+00
       3549     23.119    13.4908    13.4631   3.774614   3.780591     0.9376     1.0353     0.0071  0.0888852  0.000e+00
       3550     23.119    13.4924    13.4629   3.774469   3.780411     0.9376     1.0353     0.0071  0.0888852  0.000e+00
       3551     23.119    13.4930    13.4632   3.774329   3.780369     0.9376     1.0353     0.0071  0.0888852  0.000e+00
       3552     23.119    13.4927    13.4631   3.774147   3.780285     0.9388     1.0353     0.0071  0.0888852  0.000e+00
       3553     23.119    13.4917    13.4633   3.773899   3.780249     0.9400     1.0353     0.0071  0.0888852  0.000e+00
       3554     23.119    13.4912    13.4634   3.773808   3.780075     0.9388     1.0353     0.0071  0.0888852  0.000e+00
       3555     23.119    13.4907    13.4631   3.773596   3.780093     0.9376     1.0353     0.0071  0.0888852  0.000e+00
       3556     23.119    13.4907    13.4634   3.773572   3.780045     0.9376     1.0340     0.0070  0.0888852  0.000e+00
       3557     23.119    13.4908    13.4634   3.773626   3.780015     0.9388     1.0353     0.0070  0.0888852  0.000e+00
       3558     23.119    13.4910    13.4634   3.773656   3.779967     0.9400     1.0353     0.0070  0.0888852  0.000e+00
       3559     23.119    13.4905    13.4633   3.773669   3.779973     0.9400     1.0365     0.0070  0.0888852  0.000e+00
       3560     23.053    13.4893    13.4638   3.773596   3.779931     0.9376     1.0353     0.0070  0.0888852  0.000e+00
       3561     23.160    13.4888    13.4638   3.773347   3.779937     0.9400     1.0353     0.0070  0.0888852  0.000e+00
       3562     23.119    13.4954    13.4636   3.773105   3.779823     0.9400     1.0365     0.0070  0.0888852  0.000e+00
       3563     23.119    13.5122    13.4638   3.772765   3.779859     0.9400     1.0365     0.0070  0.0888852  0.000e+00
       3564     23.119    13.5208    13.4639   3.772450   3.779859     0.9400     1.0353     0.0070  0.0888852  0.000e+00
       3565     23.119    13.5225    13.4641   3.771850   3.779871     0.9376     1.0365     0.0070  0.0888852  0.000e+00
       3566     23.053    13.5264    13.4641   3.771335   3.779859     0.9376     1.0365     0.0070  0.0888852  0.000e+00
       3567     23.119    13.5247    13.4642   3.770917   3.779871     0.9400     1.0365     0.0070  0.0888852  0.000e+00
       3568     23.119    13.5192    13.4644   3.770911   3.779859     0.9388     1.0365     0.0070  0.0888852  0.000e+00
       3569     23.119    13.5163    13.4642   3.771147   3.779847     0.9400     1.0365     0.0070  0.0888852  0.000e+00
       3570     23.119    13.5131    13.4648   3.771341   3.779823     0.9376     1.0365     0.0070  0.0888852  0.000e+00
       3571     23.119    13.5111    13.4648   3.771480   3.779835     0.9388     1.0365     0.0070  0.0888852  0.000e+00
       3572     23.119    13.5064    13.4650   3.771759   3.779823     0.9400     1.0365     0.0070  0.0888852  0.000e+00
       3573     23.119    13.5007    13.4651   3.772044   3.779764     0.9400     1.0365     0.0070  0.0888852  0.000e+00
       3574     23.119    13.4955    13.4653   3.772256   3.779752     0.9388     1.0365     0.0070  0.0888852  0.000e+00
       3575     23.119    13.4922    13.4653   3.772517   3.779752     0.9376     1.0365     0.0070  0.0888852  0.000e+00
       3576     23.119    13.4902    13.4656   3.772899   3.779775     0.9388     1.0365     0.0070  0.0888852  0.000e+00
       3577     23.119    13.4893    13.4657   3.773226   3.779680     0.9400     1.0377     0.0070  0.0888852  0.000e+00
       3578     23.119    13.4893    13.4659   3.773626   3.779704     0.9400     1.0365     0.0070  0.0888852  0.000e+00
       3579     23.102    13.4903    13.4657   3.773863   3.779740     0.9376     1.0365     0.0070  0.0888852  0.000e+00
       3580     23.119    13.4917    13.4661   3.773869   3.779728     0.9376     1.0377     0.0070  0.0888852  0.000e+00
       3581     23.119    13.4925    13.4661   3.773966   3.779716     0.9388     1.0377     0.0070  0.0888852  0.000e+00
       3582     23.053    13.4929    13.4663   3.774123   3.779692     0.9388     1.0377     0.0070  0.0888852  0.000e+00
       3583     23.119    13.4927    13.4664   3.774311   3.779686     0.9400     1.0365     0.0068  0.0888852  0.000e+00
       3584     23.176    13.4929    13.4666   3.774463   3.779686     0.9376     1.0377     0.0068  0.0888852  0.000e+00
       3585     23.053    13.4929    13.4664   3.774475   3.779608     0.9376     1.0377     0.0068  0.0888852  0.000e+00
       3586     23.119    13.4927    13.4665   3.774432   3.779686     0.9400     1.0377     0.0068  0.0888852  0.000e+00
       3587     23.119    13.4927    13.4666   3.774426   3.779614     0.9400     1.0377     0.0068  0.0888852  0.000e+00
       3588     23.119    13.4919    13.4664   3.774578   3.779638     0.9400     1.0377     0.0068  0.0888852  0.000e+00
       3589     23.119    13.4882    13.4664   3.774632   3.779554     0.9376     1.0377     0.0068  0.0888852  0.000e+00
       3590     23.119    13.4858    13.4663   3.774578   3.779566     0.9376     1.0377     0.0068  0.0888852  0.000e+00
       3591     23.119    13.4862    13.4663   3.774542   3.779458     0.9400     1.0377     0.0068  0.0888852  0.000e+00
       3592     23.119    13.4890    13.4657   3.774354   3.779566     0.9388     1.0377     0.0070  0.0888852  0.000e+00
       3593     23.119    13.4927    13.4660   3.774063   3.779494     0.9388     1.0377     0.0070  0.0888852  0.000e+00
       3594     23.119    13.4954    13.4657   3.773820   3.779548     0.9376     1.0377     0.0068  0.0888852  0.000e+00
       3595     23.119    13.4967    13.4656   3.773820   3.779482     0.9388     1.0377     0.0068  0.0888852  0.000e+00
       3596     23.119    13.4974    13.4656   3.773759   3.779500     0.9400     1.0377     0.0068  0.0888852  0.000e+00
       3597     23.119    13.4979    13.4656   3.773759   3.779494     0.9388     1.0377     0.0070  0.0888852  0.000e+00
       3598     23.102    13.4989    13.4653   3.773735   3.779584     0.9400     1.0377     0.0068  0.0888852  0.000e+00
       3599     23.119    13.5013    13.4653   3.773632   3.779548     0.9376     1.0377     0.0070  0.0888852  0.000e+00
       3600     23.119    13.5009    13.4653   3.773547   3.779566     0.9400     1.0377     0.0068  0.0888852  0.000e+00
       3601     23.119    13.4939    13.4653   3.773632   3.779512     0.9388     1.0377     0.0070  0.0888852  0.000e+00
       3602     23.119    13.4870    13.4651   3.773717   3.779560     0.9376     1.0377     0.0070  0.0888852  0.000e+00
       3603     23.119    13.4852    13.4649   3.773711   3.779482     0.9376     1.0377     0.0068  0.0888852  0.000e+00
       3604     23.119    13.4868    13.4648   3.773614   3.779476     0.9376     1.0377     0.0070  0.0888852  0.000e+00
       3605     23.119    13.4890    13.4651   3.773523   3.779512     0.9388     1.0377     0.0070  0.0888852  0.000e+00
       3606     23.119    13.4914    13.4646   3.773432   3.779518     0.9388     1.0377     0.0070  0.0888852  0.000e+00
       3607     23.119    13.4984    13.4646   3.773778   3.779494     0.9376     1.0377     0.0070  0.0893736  0.000e+00
       3608     23.119    13.5054    13.4648   3.773953   3.779488     0.9376     1.0377     0.0071  0.0893736  0.000e+00
       3609     23.119    13.5022    13.4644   3.773808   3.779536     0.9376     1.0377     0.0071  0.0893736  0.000e+00
       3610     23.119    13.4972    13.4646   3.773766   3.779524     0.9400     1.0377     0.0071  0.0893736  0.000e+00
       3611     23.118    13.4947    13.4644   3.773772   3.779572     0.9400     1.0377     0.0071  0.0893736  0.000e+00
       3612     23.118    13.4925    13.4644   3.773844   3.779536     0.9376     1.0377     0.0071  0.0893736  0.000e+00
       3613     23.118    13.4914    13.4643   3.773741   3.779572     0.9376     1.0377     0.0071  0.0893736  0.000e+00
       3614     23.176    13.4912    13.4644   3.773499   3.779458     0.9364     1.0377     0.0071  0.0893736  0.000e+00
       3615     23.118    13.4907    13.4642   3.773226   3.779494     0.9376     1.0377     0.0071  0.0893736  0.000e+00
       3616     23.118    13.4952    13.4642   3.773044   3.779416     0.9376     1.0377     0.0071  0.0893736  0.000e+00
       3617     23.102    13.5004    13.4644   3.773105   3.779482     0.9376     1.0377     0.0071  0.0893736  0.000e+00
       3618     23.118    13.5039    13.4646   3.773159   3.779314     0.9364     1.0377     0.0071  0.0893736  0.000e+00
       3619     23.176    13.5037    13.4648   3.773390   3.779374     0.9364     1.0377     0.0071  0.0893736  0.000e+00
       3620     23.118    13.5052    13.4651   3.773456   3.779344     0.9376     1.0377     0.0071  0.0893736  0.000e+00
       3621     23.118    13.5021    13.4651   3.773693   3.779416     0.9364     1.0377     0.0071  0.0893736  0.000e+00
       3622     23.118    13.4967    13.4656   3.774044   3.779428     0.9364     1.0365     0.0071  0.0893736  0.000e+00
       3623     23.118    13.4972    13.4656   3.774305   3.779416     0.9351     1.0377     0.0071  0.0893736  0.000e+00
       3624     23.118    13.5028    13.4656   3.774638   3.779368     0.9364     1.0377     0.0071  0.0893736  0.000e+00
       3625     23.118    13.4990    13.4657   3.774929   3.779398     0.9376     1.0365     0.0071  0.0893736  0.000e+00
       3626     23.176    13.4905    13.4659   3.775142   3.779416     0.9364     1.0365     0.0071  0.0893736  0.000e+00
       3627     23.118    13.4843    13.4660   3.775214   3.779542     0.9351     1.0365     0.0071  0.0893736  0.000e+00
       3628     23.118    13.4804    13.4663   3.775378   3.779608     0.9351     1.0365     0.0071  0.0893736  0.000e+00
       3629     23.118    13.4781    13.4663   3.775578   3.779620     0.9376     1.0365     0.0070  0.0893736  0.000e+00
       3630     23.118    13.4773    13.4670   3.775603   3.779692     0.9376     1.0365     0.0071  0.0893736  0.000e+00
       3631     23.176    13.4778    13.4670   3.775596   3.779740     0.9364     1.0365     0.0071  0.0893736  0.000e+00
       3632     23.118    13.4775    13.4671   3.775742   3.780003     0.9351     1.0365     0.0071  0.0893736  0.000e+00
       3633     23.118    13.4771    13.4674   3.775869   3.780105     0.9351     1.0365     0.0071  0.0893736  0.000e+00
       3634     23.118    13.4775    13.4678   3.775869   3.780117     0.9364     1.0365     0.0071  0.0888852  0.000e+00
       3635     23.176    13.4780    13.4680   3.775827   3.780009     0.9364     1.0365     0.0071  0.0888852  0.000e+00
       3636     23.102    13.4783    13.4681   3.775821   3.779835     0.9351     1.0365     0.0071  0.0888852  0.000e+00
       3637     23.176    13.4795    13.4681   3.775827   3.779781     0.9351     1.0365     0.0071  0.0888852  0.000e+00
       3638     23.052    13.4821    13.4683   3.775875   3.779979     0.9351     1.0353     0.0071  0.0888852  0.000e+00
       3639     23.176    13.4847    13.4681   3.775839   3.780543     0.9364     1.0353     0.0071  0.0888852  0.000e+00
       3640     23.118    13.4872    13.4678   3.775899   3.781515     0.9364     1.0353     0.0071  0.0888852  0.000e+00
       3641     23.118    13.4880    13.4680   3.775851   3.782348     0.9351     1.0353     0.0071  0.0888852  0.000e+00
       3642     23.176    13.4917    13.4680   3.775772   3.782744     0.9351     1.0353     0.0071  0.0888852  0.000e+00
       3643     23.118    13.4949    13.4681   3.775681   3.782924     0.9364     1.0353     0.0071  0.0888852  0.000e+00
       3644     23.118    13.4942    13.4684   3.775711   3.782774     0.9376     1.0353     0.0071  0.0888852  0.000e+00
       3645     23.118    13.4919    13.4684   3.775778   3.782528     0.9364     1.0353     0.0071  0.0888852  0.000e+00
       3646     23.176    13.4913    13.4686   3.775869   3.782342     0.9351     1.0353     0.0071  0.0888852  0.000e+00
       3647     23.118    13.4920    13.4686   3.775990   3.782282     0.9351     1.0353     0.0071  0.0888852  0.000e+00
       3648     23.118    13.4936    13.4684   3.776124   3.782144     0.9351     1.0340     0.0071  0.0888852  0.000e+00
       3649     23.176    13.4922    13.4685   3.776087   3.781958     0.9364     1.0340     0.0071  0.0888852  0.000e+00
       3650     23.118    13.4922    13.4680   3.776136   3.781730     0.9364     1.0340     0.0071  0.0888852  0.000e+00
       3651     23.176    13.4907    13.4674   3.775899   3.781377     0.9351     1.0353     0.0071  0.0888852  0.000e+00
       3652     23.118    13.4903    13.4668   3.775948   3.781179     0.9351     1.0340     0.0071  0.0888852  0.000e+00
       3653     23.118    13.4914    13.4656   3.775966   3.781299     0.9351     1.0340     0.0071  0.0888852  0.000e+00
       3654     23.176    13.4914    13.4644   3.775905   3.781737     0.9351     1.0340     0.0071  0.0888852  0.000e+00
       3655     23.102    13.4895    13.4640   3.775918   3.782306     0.9351     1.0340     0.0071  0.0888852  0.000e+00
       3656     23.176    13.4862    13.4644   3.775851   3.783062     0.9351     1.0340     0.0071  0.0888852  0.000e+00
       3657     23.118    13.4848    13.4601   3.775724   3.783584     0.9339     1.0340     0.0071  0.0888852  0.000e+00
       3658     23.118    13.4860    13.4565   3.775693   3.784130     0.9351     1.0340     0.0070  0.0888852  0.000e+00
       3659     23.176    13.4880    13.4575   3.775742   3.784886     0.9351     1.0340     0.0070  0.0888852  0.000e+00
       3660     23.118    13.4883    13.4621   3.775681   3.785660     0.9351     1.0340     0.0070  0.0888852  0.000e+00
       3661     23.118    13.4882    13.4649   3.775712   3.786218     0.9339     1.0340     0.0070  0.0888852  0.000e+00
       3662     23.176    13.4858    13.4650   3.775651   3.786524     0.9351     1.0340     0.0070  0.0888852  0.000e+00
       3663     23.118    13.4850    13.4641   3.775699   3.786752     0.9351     1.0340     0.0070  0.0888852  0.000e+00
       3664     23.118    13.4875    13.4636   3.775675   3.787136     0.9351     1.0328     0.0070  0.0888852  0.000e+00
       3665     23.176    13.4895    13.4631   3.775663   3.787418     0.9351     1.0328     0.0070  0.0888852  0.000e+00
       3666     23.118    13.4903    13.4621   3.775536   3.787376     0.9339     1.0328     0.0070  0.0888852  0.000e+00
       3667     23.176    13.4902    13.4621   3.775439   3.787016     0.9351     1.0328     0.0070  0.0888852  0.000e+00
       3668     23.118    13.4900    13.4625   3.775548   3.786536     0.9351     1.0328     0.0070  0.0888852  0.000e+00
       3669     23.118    13.4897    13.4617   3.775614   3.785864     0.9351     1.0328     0.0070  0.0888852  0.000e+00
       3670     23.176    13.4890    13.4577   3.775651   3.785156     0.9351     1.0328     0.0070  0.0888852  0.000e+00
       3671     23.118    13.4865    13.4527   3.775663   3.784508     0.9351     1.0328     0.0070  0.0888852  0.000e+00
       3672     23.176    13.4848    13.4486   3.775681   3.784118     0.9339     1.0328     0.0070  0.0888852  0.000e+00
