data/2021/ctd_data_day1/Station 3 210921_ctm_fil_le_der.cnv
* Sea-Bird SBE 9 Data File:
* FileName = C:\Users\CTD-User\Desktop\MAR440\Station 3 210921.hex
* Software Version Seasave V 7.26.2.13
* Temperature SN = 6313
* Conductivity SN = 4758
* Number of Bytes Per Scan = 30
* Number of Voltage Words = 4
* Number of Scans Averaged by the Deck Unit = 1
* NMEA baud rate = 4800
** Ship:
** Station:
** Operator:
# nquan = 16                                
# nvalues = 5414                        
# units = specified
# name 0 = scan: Scan Count
# name 1 = prDM: Pressure, Digiquartz [db]
# name 2 = t090C: Temperature [ITS-90, deg C]
# name 3 = t190C: Temperature, 2 [ITS-90, deg C]
# name 4 = c0S/m: Conductivity [S/m]
# name 5 = c1S/m: Conductivity, 2 [S/m]
# name 6 = sbeox0V: Oxygen raw, SBE 43 [V]
# name 7 = sbeox1V: Oxygen raw, SBE 43, 2 [V]
# name 8 = flECO-AFL: Fluorescence, WET Labs ECO-AFL/FL [mg/m^3]
# name 9 = upoly0: Upoly 0, Turbidity
# name 10 = depSM: Depth [salt water, m], lat = 59
# name 11 = sal00: Salinity, Practical [PSU]
# name 12 = sal11: Salinity, Practical, 2 [PSU]
# name 13 = sbeox0ML/L: Oxygen, SBE 43 [ml/l], WS = 2
# name 14 = sbeox1ML/L: Oxygen, SBE 43, 2 [ml/l], WS = 2
# name 15 = flag: flag
# span 0 =          1,       5414       
# span 1 =      1.557,     20.473       
# span 2 =     8.0027,    16.1522       
# span 3 =     8.0029,    16.1543       
# span 4 =   2.929389,   3.478761       
# span 5 =   2.988908,   3.479888       
# span 6 =     0.4661,     2.8108       
# span 7 =     0.5272,     2.6596       
# span 8 =     0.0033,     0.0092       
# span 9 =  0.0887572,  0.1879272       
# span 10 =      1.542,     20.281      
# span 11 =    22.9290,    30.8805      
# span 12 =    23.2306,    30.8814      
# span 13 =    -0.1600,     6.8210      
# span 14 =     0.1557,     5.6113      
# span 15 = 0.0000e+00, 0.0000e+00      
# interval = seconds: 0.0416667
# start_time = Sep 21 2021 09:31:52 [System UTC, header]
# bad_flag = -9.990e-29
*END*
[from data line 272]
        273     10.337    15.4949    15.4165   3.333322   3.340627     1.7819     1.7577     0.0035  0.0923642     10.240    26.0899    26.2051     3.7268     3.2430 -9.990e-29
        274     10.336    15.4949    15.4176   3.333330   3.340552     1.7824     1.7581     0.0037  0.0923628     10.239    26.0899    26.2038     3.7292     3.2457 -9.990e-29
        275     10.336    15.4948    15.4185   3.333341   3.340476     1.7829     1.7586     0.0037  0.0923619     10.239    26.0901    26.2025     3.7315     3.2488 -9.990e-29
        276     10.335    15.4947    15.4194   3.333355   3.340400     1.7834     1.7591     0.0037  0.0923613     10.238    26.0903    26.2013     3.7337     3.2518 -9.990e-29
        277     10.335    15.4946    15.4203   3.333372   3.340323     1.7839     1.7596     0.0037  0.0923612     10.238    26.0905    26.2000     3.7360     3.2548 -9.990e-29
        278     10.334    15.4944    15.4211   3.333392   3.340247     1.7844     1.7601     0.0037  0.0923614     10.237    26.0908    26.1988     3.7382     3.2578 -9.990e-29
        279     10.333    15.4942    15.4218   3.333415   3.340170     1.7849     1.7607     0.0037  0.0923621     10.236    26.0911    26.1977     3.7403     3.2610 -9.990e-29
        280     10.333    15.4938    15.4226   3.333444   3.340093     1.7854     1.7613     0.0037  0.0923631     10.236    26.0917    26.1965     3.7424     3.2642 -9.990e-29
        281     10.332    15.4934    15.4233   3.333479   3.340017     1.7859     1.7619     0.0037  0.0923646     10.235    26.0922    26.1953     3.7445     3.2674 -9.990e-29
        282     10.332    15.4928    15.4241   3.333520   3.339941     1.7865     1.7625     0.0037  0.0923664     10.235    26.0930    26.1941     3.7468     3.2705 -9.990e-29
        283     10.331    15.4922    15.4249   3.333569   3.339866     1.7870     1.7631     0.0037  0.0923688     10.234    26.0938    26.1930     3.7488     3.2736 -9.990e-29
        284     10.330    15.4914    15.4257   3.333625   3.339794     1.7875     1.7638     0.0037  0.0923715     10.233    26.0948    26.1918     3.7508     3.2769 -9.990e-29
        285     10.330    15.4905    15.4264   3.333689   3.339724     1.7880     1.7645     0.0037  0.0923748     10.233    26.0960    26.1907     3.7527     3.2801 -9.990e-29
        286     10.330    15.4894    15.4272   3.333761   3.339655     1.7886     1.7652     0.0037  0.0923785     10.233    26.0973    26.1896     3.7549     3.2833 -9.990e-29
        287     10.329    15.4883    15.4281   3.333841   3.339589     1.7891     1.7659     0.0037  0.0923827     10.232    26.0987    26.1884     3.7568     3.2864 -9.990e-29
        288     10.329    15.4871    15.4289   3.333929   3.339524     1.7896     1.7667     0.0037  0.0923875     10.232    26.1003    26.1873     3.7586     3.2898 -9.990e-29
        289     10.328    15.4857    15.4297   3.334026   3.339461     1.7902     1.7674     0.0037  0.0923929     10.231    26.1021    26.1863     3.7607     3.2928 -9.990e-29
        290     10.328    15.4843    15.4306   3.334129   3.339400     1.7907     1.7682     0.0037  0.0923989     10.231    26.1039    26.1851     3.7625     3.2960 -9.990e-29
        291     10.327    15.4829    15.4315   3.334236   3.339342     1.7913     1.7690     0.0037  0.0924056     10.230    26.1057    26.1840     3.7645     3.2991 -9.990e-29
        292     10.327    15.4814    15.4324   3.334344   3.339285     1.7918     1.7698     0.0037  0.0924129     10.230    26.1077    26.1829     3.7662     3.3021 -9.990e-29
        293     10.327    15.4800    15.4334   3.334448   3.339231     1.7923     1.7706     0.0037  0.0924210     10.230    26.1095    26.1818     3.7679     3.3051 -9.990e-29
        294     10.326    15.4785    15.4344   3.334549   3.339179     1.7929     1.7714     0.0037  0.0924300     10.229    26.1113    26.1807     3.7698     3.3081 -9.990e-29
        295     10.326    15.4771    15.4354   3.334647   3.339129     1.7934     1.7722     0.0037  0.0924398     10.229    26.1131    26.1796     3.7714     3.3109 -9.990e-29
        296     10.326    15.4756    15.4364   3.334746   3.339080     1.7940     1.7730     0.0037  0.0924506     10.229    26.1150    26.1785     3.7732     3.3137 -9.990e-29
        297     10.325    15.4740    15.4374   3.334847   3.339030     1.7946     1.7739     0.0037  0.0924623     10.228    26.1169    26.1774     3.7750     3.3166 -9.990e-29
        298     10.325    15.4724    15.4385   3.334952   3.338977     1.7951     1.7747     0.0037  0.0924752     10.228    26.1189    26.1762     3.7765     3.3192 -9.990e-29
        299     10.324    15.4706    15.4395   3.335062   3.338921     1.7957     1.7756     0.0037  0.0924893     10.227    26.1210    26.1751     3.7782     3.3220 -9.990e-29
        300     10.324    15.4687    15.4406   3.335176   3.338859     1.7962     1.7764     0.0037  0.0925046     10.227    26.1233    26.1738     3.7797     3.3245 -9.990e-29
        301     10.324    15.4668    15.4418   3.335293   3.338793     1.7968     1.7773     0.0037  0.0925214     10.227    26.1255    26.1724     3.7813     3.3271 -9.990e-29
        302     10.324    15.4649    15.4430   3.335411   3.338720     1.7973     1.7781     0.0037  0.0925396     10.227    26.1278    26.1710     3.7827     3.3294 -9.990e-29
        303     10.323    15.4632    15.4445   3.335530   3.338639     1.7979     1.7790     0.0037  0.0925595     10.226    26.1300    26.1693     3.7843     3.3318 -9.990e-29
        304     10.323    15.4616    15.4461   3.335646   3.338550     1.7984     1.7799     0.0037  0.0925812     10.226    26.1320    26.1675     3.7856     3.3342 -9.990e-29
        305     10.323    15.4602    15.4478   3.335757   3.338453     1.7990     1.7807     0.0037  0.0926048     10.226    26.1339    26.1655     3.7870     3.3363 -9.990e-29
        306     10.322    15.4589    15.4496   3.335862   3.338350     1.7995     1.7816     0.0037  0.0926305     10.225    26.1357    26.1634     3.7882     3.3385 -9.990e-29
        307     10.322    15.4579    15.4516   3.335961   3.338242     1.8001     1.7824     0.0037  0.0926585     10.225    26.1372    26.1612     3.7896     3.3404 -9.990e-29
        308     10.322    15.4571    15.4537   3.336054   3.338128     1.8006     1.7833     0.0037  0.0926890     10.225    26.1386    26.1588     3.7906     3.3425 -9.990e-29
        309     10.322    15.4564    15.4560   3.336143   3.338011     1.8011     1.7841     0.0037  0.0927221     10.225    26.1398    26.1562     3.7916     3.3443 -9.990e-29
        310     10.322    15.4558    15.4582   3.336228   3.337893     1.8017     1.7850     0.0037  0.0927581     10.225    26.1409    26.1538     3.7928     3.3463 -9.990e-29
        311     10.321    15.4552    15.4605   3.336310   3.337776     1.8022     1.7858     0.0037  0.0927973     10.224    26.1420    26.1512     3.7938     3.3480 -9.990e-29
        312     10.321    15.4546    15.4626   3.336391   3.337662     1.8027     1.7867     0.0037  0.0928399     10.224    26.1431    26.1488     3.7946     3.3498 -9.990e-29
        313     10.321    15.4539    15.4645   3.336470   3.337549     1.8032     1.7875     0.0037  0.0928862     10.224    26.1443    26.1466     3.7955     3.3514 -9.990e-29
        314     10.320    15.4533    15.4660   3.336547   3.337440     1.8038     1.7883     0.0037  0.0929366     10.223    26.1453    26.1447     3.7965     3.3530 -9.990e-29
        315     10.320    15.4527    15.4673   3.336620   3.337334     1.8043     1.7891     0.0037  0.0929914     10.223    26.1464    26.1429     3.7973     3.3546 -9.990e-29
        316     10.320    15.4522    15.4684   3.336687   3.337233     1.8048     1.7900     0.0037  0.0930510     10.223    26.1473    26.1413     3.7980     3.3563 -9.990e-29
        317     10.319    15.4518    15.4692   3.336748   3.337137     1.8053     1.7908     0.0037  0.0931158     10.222    26.1481    26.1399     3.7986     3.3579 -9.990e-29
        318     10.319    15.4514    15.4700   3.336803   3.337047     1.8058     1.7916     0.0037  0.0931862     10.222    26.1488    26.1386     3.7992     3.3593 -9.990e-29
        319     10.319    15.4511    15.4706   3.336851   3.336963     1.8062     1.7924     0.0037  0.0932628     10.222    26.1494    26.1375     3.7995     3.3608 -9.990e-29
        320     10.318    15.4508    15.4713   3.336895   3.336886     1.8067     1.7932     0.0037  0.0933460     10.221    26.1500    26.1364     3.8000     3.3622 -9.990e-29
        321     10.318    15.4505    15.4720   3.336935   3.336814     1.8072     1.7940     0.0037  0.0934365     10.221    26.1506    26.1353     3.8006     3.3636 -9.990e-29
        322     10.317    15.4503    15.4727   3.336970   3.336746     1.8076     1.7947     0.0037  0.0935348     10.220    26.1510    26.1342     3.8008     3.3647 -9.990e-29
        323     10.317    15.4501    15.4736   3.337000   3.336681     1.8081     1.7955     0.0037  0.0936418     10.220    26.1514    26.1331     3.8012     3.3660 -9.990e-29
        324     10.316    15.4500    15.4745   3.337026   3.336617     1.8085     1.7963     0.0037  0.0937580     10.219    26.1517    26.1319     3.8014     3.3673 -9.990e-29
        325     10.316    15.4499    15.4756   3.337048   3.336556     1.8089     1.7970     0.0037  0.0938843     10.219    26.1519    26.1307     3.8015     3.3684 -9.990e-29
        326     10.315    15.4499    15.4768   3.337065   3.336496     1.8094     1.7978     0.0037  0.0940217     10.218    26.1521    26.1293     3.8018     3.3696 -9.990e-29
        327     10.314    15.4499    15.4779   3.337079   3.336439     1.8098     1.7985     0.0037  0.0941709     10.217    26.1522    26.1281     3.8019     3.3706 -9.990e-29
        328     10.313    15.4499    15.4791   3.337090   3.336382     1.8102     1.7993     0.0037  0.0943332     10.216    26.1523    26.1268     3.8019     3.3719 -9.990e-29
        329     10.313    15.4498    15.4803   3.337097   3.336326     1.8105     1.8000     0.0037  0.0945079     10.216    26.1524    26.1256     3.8016     3.3729 -9.990e-29
        330     10.312    15.4498    15.4814   3.337100   3.336269     1.8109     1.8007     0.0037  0.0946877     10.215    26.1525    26.1243     3.8016     3.3738 -9.990e-29
        331     10.311    15.4498    15.4824   3.337098   3.336212     1.8113     1.8015     0.0037  0.0948595     10.214    26.1524    26.1232     3.8015     3.3751 -9.990e-29
        332     10.310    15.4498    15.4834   3.337090   3.336154     1.8117     1.8022     0.0037  0.0950142     10.213    26.1524    26.1220     3.8015     3.3761 -9.990e-29
        333     10.310    15.4498    15.4842   3.337076   3.336094     1.8120     1.8028     0.0037  0.0951504     10.213    26.1523    26.1210     3.8012     3.3769 -9.990e-29
        334     10.309    15.4498    15.4848   3.337054   3.336032     1.8123     1.8035     0.0037  0.0952699     10.212    26.1521    26.1200     3.8008     3.3779 -9.990e-29
        335     10.308    15.4499    15.4853   3.337024   3.335968     1.8127     1.8042     0.0037  0.0953752     10.211    26.1517    26.1191     3.8007     3.3789 -9.990e-29
        336     10.307    15.4501    15.4857   3.336986   3.335901     1.8130     1.8049     0.0037  0.0954679     10.210    26.1513    26.1183     3.8003     3.3799 -9.990e-29
        337     10.306    15.4503    15.4860   3.336938   3.335832     1.8133     1.8055     0.0037  0.0955478     10.209    26.1507    26.1175     3.7999     3.3807 -9.990e-29
        338     10.305    15.4506    15.4864   3.336881   3.335761     1.8136     1.8062     0.0037  0.0956145     10.208    26.1500    26.1166     3.7995     3.3818 -9.990e-29
        339     10.303    15.4510    15.4868   3.336813   3.335689     1.8139     1.8069     0.0037  0.0956695     10.206    26.1492    26.1157     3.7991     3.3828 -9.990e-29
        340     10.302    15.4515    15.4873   3.336736   3.335617     1.8141     1.8075     0.0037  0.0957139     10.205    26.1482    26.1148     3.7984     3.3836 -9.990e-29
        341     10.301    15.4521    15.4879   3.336647   3.335544     1.8144     1.8081     0.0037  0.0957480     10.204    26.1470    26.1138     3.7980     3.3845 -9.990e-29
        342     10.300    15.4529    15.4887   3.336550   3.335472     1.8146     1.8087     0.0037  0.0957722     10.203    26.1456    26.1126     3.7973     3.3853 -9.990e-29
        343     10.298    15.4539    15.4896   3.336443   3.335401     1.8149     1.8094     0.0037  0.0957864     10.201    26.1441    26.1114     3.7969     3.3864 -9.990e-29
        344     10.296    15.4550    15.4906   3.336327   3.335332     1.8151     1.8100     0.0037  0.0957901     10.199    26.1423    26.1101     3.7961     3.3873 -9.990e-29
        345     10.295    15.4563    15.4918   3.336202   3.335263     1.8154     1.8106     0.0037  0.0957824     10.199    26.1404    26.1087     3.7957     3.3881 -9.990e-29
        346     10.293    15.4578    15.4931   3.336067   3.335195     1.8156     1.8112     0.0037  0.0957631     10.197    26.1382    26.1073     3.7949     3.3890 -9.990e-29
        347     10.291    15.4595    15.4946   3.335921   3.335128     1.8158     1.8118     0.0037  0.0957323     10.195    26.1358    26.1057     3.7942     3.3898 -9.990e-29
        348     10.289    15.4614    15.4961   3.335764   3.335061     1.8160     1.8124     0.0037  0.0956896     10.193    26.1332    26.1042     3.7934     3.3907 -9.990e-29
        349     10.286    15.4635    15.4977   3.335596   3.334994     1.8162     1.8130     0.0037  0.0956340     10.190    26.1304    26.1025     3.7926     3.3916 -9.990e-29
        350     10.283    15.4657    15.4993   3.335417   3.334927     1.8163     1.8135     0.0037  0.0955650     10.187    26.1274    26.1009     3.7916     3.3923 -9.990e-29
        351     10.280    15.4680    15.5009   3.335228   3.334858     1.8165     1.8141     0.0037  0.0954839     10.184    26.1242    26.0992     3.7909     3.3932 -9.990e-29
        352     10.277    15.4704    15.5025   3.335030   3.334790     1.8167     1.8147     0.0037  0.0953909     10.181    26.1209    26.0976     3.7902     3.3941 -9.990e-29
        353     10.274    15.4728    15.5039   3.334822   3.334721     1.8168     1.8152     0.0037  0.0952854     10.178    26.1175    26.0961     3.7892     3.3949 -9.990e-29
        354     10.270    15.4751    15.5051   3.334605   3.334652     1.8169     1.8158     0.0037  0.0951667     10.174    26.1141    26.0947     3.7883     3.3959 -9.990e-29
        355     10.266    15.4775    15.5060   3.334379   3.334585     1.8170     1.8164     0.0038  0.0950373     10.170    26.1106    26.0935     3.7874     3.3969 -9.990e-29
        356     10.262    15.4797    15.5067   3.334144   3.334517     1.8172     1.8169     0.0042  0.0949057     10.166    26.1071    26.0924     3.7868     3.3978 -9.990e-29
        357     10.257    15.4818    15.5071   3.333899   3.334450     1.8173     1.8175     0.0042  0.0947803     10.161    26.1036    26.0916     3.7859     3.3989 -9.990e-29
        358     10.252    15.4838    15.5072   3.333643   3.334383     1.8174     1.8180     0.0042  0.0946645     10.156    26.1000    26.0910     3.7851     3.3998 -9.990e-29
        359     10.247    15.4855    15.5071   3.333374   3.334315     1.8174     1.8185     0.0042  0.0945566     10.151    26.0966    26.0904     3.7841     3.4006 -9.990e-29
        360     10.242    15.4871    15.5068   3.333091   3.334245     1.8175     1.8191     0.0042  0.0944542     10.146    26.0931    26.0900     3.7834     3.4018 -9.990e-29
        361     10.236    15.4885    15.5065   3.332793   3.334173     1.8176     1.8196     0.0042  0.0943582     10.140    26.0896    26.0896     3.7827     3.4028 -9.990e-29
