data/2021/ctd_data_day1/Station 3ex 210921_ctm.cnv
* Sea-Bird SBE 9 Data File:
* FileName = C:\Users\CTD-User\Desktop\MAR440\Station 3ex 210921.hex
* Software Version Seasave V 7.26.2.13
* Temperature SN = 6313
* Conductivity SN = 4758
* Number of Bytes Per Scan = 30
* Number of Voltage Words = 4
* Number of Scans Averaged by the Deck Unit = 1
* NMEA baud rate = 4800
** Ship:
** Station:
** Operator:
# nquan = 11
# nvalues = 3026                        
# units = specified
# name 0 = scan: Scan Count
# name 1 = prDM: Pressure, Digiquartz [db]
# name 2 = t090C: Temperature [ITS-90, deg C]
# name 3 = t190C: Temperature, 2 [ITS-90, deg C]
# name 4 = c0S/m: Conductivity [S/m]
# name 5 = c1S/m: Conductivity, 2 [S/m]
# name 6 = sbeox0V: Oxygen raw, SBE 43 [V]
# name 7 = sbeox1V: Oxygen raw, SBE 43, 2 [V]
# name 8 = flECO-AFL: Fluorescence, WET Labs ECO-AFL/FL [mg/m^3]
# name 9 = upoly0: Upoly 0, Turbidity
# name 10 = flag:  0.000e+00
# span 0 =          1,       3026       
# span 1 =      0.398,     13.226       
# span 2 =    11.9233,    16.1619       
# span 3 =    11.8952,    16.1632       
# span 4 =  -0.000846,   3.413321       
# span 5 =   0.068122,   3.412945       
# span 6 =     1.3393,     3.2662       
# span 7 =     1.3833,     3.1099       
# span 8 =     0.0035,     0.0441       
# span 9 =  0.0800940,  0.1890073       
# span 10 = 0.0000e+00, 0.0000e+00      
# interval = seconds: 0.0416667
# start_time = Sep 21 2021 12:03:19 [System UTC, header]
# bad_flag = -9.990e-29
*END*
[from data line 919]
        920      2.340    14.9381    14.9667   2.901573   2.908517     3.0562     2.6166     0.0048  0.1831465 0.0000e+00
        921      2.373    14.9383    14.9642   2.901435   2.908164     3.0513     2.6142     0.0048  0.1831465 0.0000e+00
        922      2.340    14.9393    14.9626   2.901504   2.907598     3.0464     2.6117     0.0048  0.1831465 0.0000e+00
        923      2.373    14.9395    14.9613   2.901427   2.907282     3.0403     2.6105     0.0048  0.1826581 0.0000e+00
        924      2.463    14.9391    14.9602   2.901194   2.906729     3.0342     2.6081     0.0048  0.1831465 0.0000e+00
        925      2.372    14.9391    14.9593   2.900920   2.906307     3.0293     2.6056     0.0049  0.1836349 0.0000e+00
        926      2.529    14.9391    14.9585   2.900716   2.905599     3.0244     2.6032     0.0051  0.1841233 0.0000e+00
        927      2.438    14.9393    14.9577   2.900398   2.904938     3.0183     2.6020     0.0051  0.1846117 0.0000e+00
        928      2.529    14.9397    14.9568   2.899938   2.904073     3.0134     2.5995     0.0051  0.1846117 0.0000e+00
        929      2.496    14.9400    14.9558   2.899436   2.903370     3.0085     2.5971     0.0051  0.1846117 0.0000e+00
        930      2.587    14.9406    14.9552   2.899119   2.902521     3.0024     2.5946     0.0051  0.1846117 0.0000e+00
        931      2.562    14.9417    14.9548   2.898751   2.901815     2.9976     2.5922     0.0051  0.1846117 0.0000e+00
        932      2.586    14.9425    14.9547   2.898353   2.901461     2.9927     2.5897     0.0051  0.1846117 0.0000e+00
        933      2.644    14.9440    14.9553   2.897948   2.901003     2.9866     2.5885     0.0051  0.1846117 0.0000e+00
        934      2.619    14.9461    14.9573   2.897540   2.900647     2.9829     2.5861     0.0051  0.1846117 0.0000e+00
        935      2.644    14.9491    14.9588   2.897211   2.900549     2.9780     2.5836     0.0051  0.1846117 0.0000e+00
        936      2.743    14.9523    14.9615   2.896998   2.900131     2.9719     2.5812     0.0051  0.1846117 0.0000e+00
        937      2.710    14.9539    14.9631   2.896801   2.899828     2.9670     2.5788     0.0051  0.1846117 0.0000e+00
        938      2.677    14.9546    14.9641   2.896644   2.899733     2.9621     2.5763     0.0051  0.1846117 0.0000e+00
        939      2.768    14.9554    14.9651   2.896582   2.899584     2.9573     2.5739     0.0051  0.1846117 0.0000e+00
        940      2.800    14.9589    14.9688   2.896513   2.899528     2.9524     2.5714     0.0051  0.1846117 0.0000e+00
        941      2.767    14.9677    14.9754   2.896534   2.899580     2.9475     2.5690     0.0051  0.1846117 0.0000e+00
        942      2.800    14.9792    14.9803   2.896436   2.899495     2.9426     2.5665     0.0051  0.1846117 0.0000e+00
        943      2.891    14.9881    14.9852   2.896289   2.899323     2.9377     2.5641     0.0051  0.1841233 0.0000e+00
        944      2.800    14.9947    14.9877   2.896062   2.899013     2.9328     2.5629     0.0051  0.1846117 0.0000e+00
        945      2.891    15.0017    14.9910   2.895826   2.898662     2.9292     2.5604     0.0051  0.1846117 0.0000e+00
        946      2.891    15.0078    14.9977   2.895448   2.898059     2.9243     2.5580     0.0051  0.1846117 0.0000e+00
        947      2.924    15.0119    15.0082   2.894998   2.897569     2.9206     2.5556     0.0051  0.1846117 0.0000e+00
        948      2.948    15.0161    15.0199   2.894624   2.897228     2.9157     2.5519     0.0051  0.1846117 0.0000e+00
        949      2.990    15.0206    15.0308   2.894400   2.896879     2.9109     2.5507     0.0051  0.1846117 0.0000e+00
        950      3.014    15.0238    15.0404   2.894029   2.896585     2.9072     2.5482     0.0051  0.1836349 0.0000e+00
        951      2.990    15.0262    15.0489   2.893883   2.896287     2.9023     2.5458     0.0049  0.1802161 0.0000e+00
        952      3.072    15.0289    15.0555   2.893537   2.895813     2.8974     2.5433     0.0049  0.1787509 0.0000e+00
        953      3.047    15.0317    15.0613   2.893065   2.895135     2.8938     2.5409     0.0049  0.1787509 0.0000e+00
        954      3.072    15.0364    15.0667   2.892519   2.894317     2.8901     2.5385     0.0049  0.1787509 0.0000e+00
        955      3.072    15.0440    15.0723   2.891989   2.893341     2.8852     2.5360     0.0049  0.1782625 0.0000e+00
        956      3.171    15.0521    15.0789   2.891527   2.892283     2.8816     2.5336     0.0049  0.1787509 0.0000e+00
        957      3.138    15.0589    15.0874   2.891163   2.891384     2.8779     2.5311     0.0049  0.1787509 0.0000e+00
        958      3.171    15.0641    15.0987   2.890712   2.890593     2.8730     2.5299     0.0049  0.1787509 0.0000e+00
        959      3.195    15.0724    15.1067   2.890064   2.889784     2.8694     2.5275     0.0049  0.1787509 0.0000e+00
        960      3.228    15.0813    15.1112   2.889380   2.889054     2.8657     2.5250     0.0049  0.1787509 0.0000e+00
        961      3.195    15.0929    15.1159   2.888772   2.888297     2.8620     2.5226     0.0049  0.1787509 0.0000e+00
        962      3.294    15.1019    15.1202   2.888374   2.887658     2.8571     2.5214     0.0049  0.1787509 0.0000e+00
        963      3.261    15.1077    15.1264   2.887875   2.887160     2.8547     2.5189     0.0049  0.1787509 0.0000e+00
        964      3.294    15.1133    15.1360   2.887152   2.886778     2.8510     2.5165     0.0049  0.1787509 0.0000e+00
        965      3.319    15.1178    15.1426   2.886554   2.886515     2.8462     2.5140     0.0049  0.1787509 0.0000e+00
        966      3.376    15.1235    15.1440   2.886126   2.886113     2.8425     2.5116     0.0049  0.1787509 0.0000e+00
        967      3.352    15.1322    15.1451   2.885540   2.885758     2.8388     2.5104     0.0049  0.1787509 0.0000e+00
        968      3.376    15.1400    15.1464   2.884906   2.885507     2.8352     2.5079     0.0049  0.1787509 0.0000e+00
        969      3.409    15.1460    15.1478   2.884545   2.885223     2.8315     2.5055     0.0049  0.1787509 0.0000e+00
        970      3.442    15.1535    15.1499   2.884014   2.884947     2.8291     2.5030     0.0049  0.1787509 0.0000e+00
        971      3.409    15.1616    15.1531   2.883546   2.884698     2.8242     2.5018     0.0049  0.1787509 0.0000e+00
        972      3.500    15.1692    15.1572   2.883180   2.884517     2.8205     2.4994     0.0049  0.1787509 0.0000e+00
        973      3.475    15.1770    15.1627   2.882513   2.884471     2.8181     2.4982     0.0049  0.1787509 0.0000e+00
        974      3.566    15.1849    15.1683   2.882256   2.884409     2.8144     2.4945     0.0049  0.1787509 0.0000e+00
        975      3.500    15.1915    15.1729   2.881831   2.884371     2.8107     2.4933     0.0049  0.1787509 0.0000e+00
        976      3.598    15.1951    15.1753   2.881476   2.884361     2.8071     2.4908     0.0048  0.1728901 0.0000e+00
        977      3.565    15.1997    15.1783   2.880918   2.884338     2.8034     2.4896     0.0046  0.1665409 0.0000e+00
        978      3.598    15.2028    15.1830   2.880637   2.884272     2.8010     2.4872     0.0046  0.1645873 0.0000e+00
        979      3.623    15.2070    15.1865   2.880028   2.884159     2.7973     2.4847     0.0044  0.1650757 0.0000e+00
        980      3.598    15.2115    15.1896   2.879846   2.884060     2.7936     2.4835     0.0046  0.1650757 0.0000e+00
        981      3.681    15.2134    15.1913   2.879473   2.883865     2.7912     2.4811     0.0046  0.1650757 0.0000e+00
        982      3.656    15.2141    15.1921   2.879096   2.883600     2.7875     2.4786     0.0046  0.1655641 0.0000e+00
        983      3.746    15.2134    15.1896   2.878600   2.883366     2.7839     2.4774     0.0046  0.1655641 0.0000e+00
        984      3.746    15.2132    15.1841   2.878503   2.883025     2.7814     2.4750     0.0046  0.1655641 0.0000e+00
        985      3.722    15.2115    15.1795   2.878145   2.882729     2.7778     2.4737     0.0046  0.1650757 0.0000e+00
        986      3.804    15.2093    15.1775   2.877937   2.882422     2.7753     2.4713     0.0046  0.1650757 0.0000e+00
        987      3.779    15.2110    15.1737   2.877641   2.882120     2.7717     2.4701     0.0046  0.1650757 0.0000e+00
        988      3.804    15.2166    15.1722   2.877518   2.881809     2.7680     2.4676     0.0046  0.1650757 0.0000e+00
        989      3.837    15.2181    15.1719   2.877478   2.881542     2.7656     2.4664     0.0046  0.1650757 0.0000e+00
        990      3.870    15.2181    15.1713   2.877191   2.881328     2.7619     2.4640     0.0046  0.1650757 0.0000e+00
        991      3.870    15.2156    15.1691   2.877168   2.881139     2.7595     2.4628     0.0046  0.1650757 0.0000e+00
        992      3.903    15.2128    15.1647   2.877024   2.881029     2.7558     2.4603     0.0046  0.1655641 0.0000e+00
        993      3.927    15.2134    15.1608   2.877029   2.880985     2.7534     2.4579     0.0046  0.1655641 0.0000e+00
        994      3.960    15.2146    15.1557   2.877087   2.880916     2.7497     2.4554     0.0046  0.1655641 0.0000e+00
        995      3.993    15.2159    15.1480   2.876921   2.880740     2.7472     2.4542     0.0046  0.1650757 0.0000e+00
        996      3.960    15.2166    15.1412   2.876921   2.880599     2.7436     2.4530     0.0046  0.1650757 0.0000e+00
        997      4.051    15.2173    15.1341   2.876770   2.880517     2.7411     2.4505     0.0046  0.1655641 0.0000e+00
        998      4.051    15.2201    15.1295   2.876762   2.880445     2.7375     2.4481     0.0046  0.1655641 0.0000e+00
        999      4.026    15.2227    15.1306   2.876710   2.880405     2.7350     2.4469     0.0046  0.1650757 0.0000e+00
       1000      4.108    15.2249    15.1301   2.876639   2.880387     2.7314     2.4444     0.0046  0.1655641 0.0000e+00
       1001      4.084    15.2265    15.1281   2.876666   2.880342     2.7289     2.4420     0.0046  0.1665409 0.0000e+00
       1002      4.108    15.2293    15.1281   2.876446   2.880309     2.7253     2.4408     0.0046  0.1704481 0.0000e+00
       1003      4.207    15.2299    15.1232   2.876343   2.880253     2.7228     2.4383     0.0046  0.1728901 0.0000e+00
       1004      4.108    15.2308    15.1141   2.876289   2.880196     2.7192     2.4371     0.0046  0.1728901 0.0000e+00
       1005      4.232    15.2351    15.1045   2.876091   2.880192     2.7167     2.4347     0.0046  0.1728901 0.0000e+00
       1006      4.207    15.2415    15.1010   2.876251   2.880163     2.7143     2.4322     0.0046  0.1724017 0.0000e+00
       1007      4.232    15.2495    15.0991   2.876150   2.880238     2.7106     2.4310     0.0046  0.1724017 0.0000e+00
       1008      4.265    15.2565    15.0927   2.875989   2.880257     2.7082     2.4298     0.0046  0.1724017 0.0000e+00
       1009      4.298    15.2612    15.0809   2.875972   2.880352     2.7057     2.4273     0.0046  0.1724017 0.0000e+00
       1010      4.265    15.2639    15.0686   2.875730   2.880403     2.7021     2.4261     0.0046  0.1724017 0.0000e+00
       1011      4.355    15.2631    15.0601   2.875703   2.880361     2.6996     2.4237     0.0046  0.1724017 0.0000e+00
       1012      4.355    15.2639    15.0516   2.875633   2.880368     2.6960     2.4225     0.0046  0.1724017 0.0000e+00
       1013      4.330    15.2669    15.0470   2.875435   2.880266     2.6935     2.4200     0.0046  0.1724017 0.0000e+00
       1014      4.413    15.2736    15.0486   2.875497   2.880290     2.6911     2.4188     0.0046  0.1724017 0.0000e+00
       1015      4.388    15.2813    15.0504   2.875383   2.880289     2.6874     2.4164     0.0046  0.1724017 0.0000e+00
       1016      4.479    15.2856    15.0487   2.875218   2.880242     2.6850     2.4151     0.0046  0.1724017 0.0000e+00
       1017      4.454    15.2901    15.0442   2.875282   2.880335     2.6825     2.4127     0.0046  0.1724017 0.0000e+00
       1018      4.479    15.2952    15.0385   2.875093   2.880347     2.6789     2.4115     0.0046  0.1724017 0.0000e+00
       1019      4.479    15.3001    15.0353   2.874990   2.880305     2.6764     2.4102     0.0046  0.1724017 0.0000e+00
       1020      4.511    15.3032    15.0389   2.874994   2.880441     2.6740     2.4078     0.0046  0.1724017 0.0000e+00
       1021      4.536    15.3070    15.0403   2.874881   2.880567     2.6703     2.4066     0.0046  0.1724017 0.0000e+00
       1022      4.569    15.3097    15.0392   2.874758   2.880604     2.6679     2.4054     0.0046  0.1724017 0.0000e+00
       1023      4.602    15.3142    15.0394   2.874659   2.880585     2.6654     2.4041     0.0046  0.1724017 0.0000e+00
       1024      4.635    15.3178    15.0354   2.874507   2.880632     2.6630     2.4029     0.0046  0.1724017 0.0000e+00
       1025      4.602    15.3213    15.0286   2.874530   2.880766     2.6606     2.4005     0.0046  0.1724017 0.0000e+00
       1026      4.660    15.3241    15.0220   2.874451   2.880861     2.6581     2.3993     0.0046  0.1724017 0.0000e+00
       1027      4.693    15.3257    15.0177   2.874226   2.880881     2.6544     2.3980     0.0046  0.1758205 0.0000e+00
       1028      4.717    15.3276    15.0160   2.874302   2.880975     2.6520     2.3956     0.0048  0.1797277 0.0000e+00
       1029      4.692    15.3293    15.0159   2.874279   2.881085     2.6496     2.3956     0.0048  0.1807045 0.0000e+00
       1030      4.717    15.3309    15.0128   2.874109   2.881153     2.6471     2.3932     0.0048  0.1802161 0.0000e+00
       1031      4.783    15.3325    15.0038   2.874014   2.881089     2.6435     2.3919     0.0048  0.1802161 0.0000e+00
       1032      4.816    15.3340    14.9927   2.873773   2.881067     2.6410     2.3907     0.0048  0.1802161 0.0000e+00
       1033      4.783    15.3358    14.9816   2.873674   2.881011     2.6386     2.3895     0.0048  0.1802161 0.0000e+00
       1034      4.816    15.3370    14.9763   2.873677   2.881038     2.6361     2.3883     0.0048  0.1802161 0.0000e+00
       1035      4.907    15.3379    14.9747   2.873679   2.880983     2.6337     2.3870     0.0048  0.1802161 0.0000e+00
       1036      4.882    15.3396    14.9678   2.873591   2.880891     2.6312     2.3858     0.0048  0.1802161 0.0000e+00
       1037      4.840    15.3423    14.9602   2.873599   2.880802     2.6288     2.3846     0.0048  0.1802161 0.0000e+00
       1038      4.964    15.3457    14.9576   2.873512   2.880775     2.6264     2.3846     0.0048  0.1802161 0.0000e+00
       1039      4.939    15.3487    14.9563   2.873397   2.880721     2.6239     2.3834     0.0048  0.1802161 0.0000e+00
       1040      4.964    15.3507    14.9529   2.873326   2.880464     2.6215     2.3822     0.0048  0.1802161 0.0000e+00
       1041      4.997    15.3522    14.9488   2.873347   2.880351     2.6190     2.3809     0.0046  0.1802161 0.0000e+00
       1042      4.964    15.3544    14.9422   2.873212   2.880233     2.6178     2.3809     0.0048  0.1802161 0.0000e+00
       1043      5.030    15.3570    14.9361   2.873001   2.880096     2.6142     2.3797     0.0048  0.1802161 0.0000e+00
       1044      5.063    15.3585    14.9320   2.873104   2.879973     2.6117     2.3785     0.0048  0.1802161 0.0000e+00
       1045      5.087    15.3597    14.9377   2.873004   2.879817     2.6093     2.3785     0.0048  0.1802161 0.0000e+00
       1046      5.120    15.3622    14.9510   2.872673   2.879755     2.6080     2.3773     0.0046  0.1802161 0.0000e+00
       1047      5.087    15.3656    14.9642   2.872767   2.879779     2.6056     2.3773     0.0048  0.1802161 0.0000e+00
       1048      5.186    15.3688    14.9668   2.872805   2.879540     2.6032     2.3773     0.0048  0.1802161 0.0000e+00
       1049      5.145    15.3717    14.9670   2.872612   2.879395     2.6007     2.3761     0.0048  0.1802161 0.0000e+00
