data/2021/ctd_data_day1/Station 6 210921_ctm_fil_le.cnv
* Sea-Bird SBE 9 Data File:
* FileName = C:\Users\CTD-User\Desktop\MAR440\Station 6 210921.hex
* Software Version Seasave V 7.26.2.13
* Temperature SN = 6313
* Conductivity SN = 4758
* Number of Bytes Per Scan = 30
* Number of Voltage Words = 4
* Number of Scans Averaged by the Deck Unit = 1
* NMEA baud rate = 4800
** Ship:
** Station:
** Operator:
# nquan = 11
# nvalues = 4130                        
# units = specified
# name 0 = scan: Scan Count
# name 1 = prDM: Pressure, Digiquartz [db]
# name 2 = t090C: Temperature [ITS-90, deg C]
# name 3 = t190C: Temperature, 2 [ITS-90, deg C]
# name 4 = c0S/m: Conductivity [S/m]
# name 5 = c1S/m: Conductivity, 2 [S/m]
# name 6 = sbeox0V: Oxygen raw, SBE 43 [V]
# name 7 = sbeox1V: Oxygen raw, SBE 43, 2 [V]
# name 8 = flECO-AFL: Fluorescence, WET Labs ECO-AFL/FL [mg/m^3]
# name 9 = upoly0: Upoly 0, Turbidity
# name 10 = flag:  0.000e+00
# span 0 =          1,       4130       
# span 1 =      0.401,     37.705       
# span 2 =     6.5339,    15.9700       
# span 3 =     6.5228,    15.9659       
# span 4 =   2.889567,   3.739249       
# span 5 =   2.889377,   3.740329       
# span 6 =     0.4861,     2.7979       
# span 7 =     0.5457,     2.7563       
# span 8 =     0.0033,     0.0189       
# span 9 =  0.0862693,  0.1633834       
# span 10 = 0.0000e+00, 0.0000e+00      
# interval = seconds: 0.0416667
# start_time = Sep 21 2021 10:55:39 [System UTC, header]
# bad_flag = -9.990e-29
*END*
[from data line 2361]
       2362     10.940    15.4554    15.4465   3.420133   3.423907     2.3725     2.2913     0.0037  0.1026398 0.0000e+00
       2363     10.963    15.4437    15.4347   3.421324   3.424897     2.3663     2.2852     0.0037  0.1024348 0.0000e+00
       2364     10.985    15.4320    15.4229   3.422467   3.425848     2.3601     2.2792     0.0037  0.1022460 0.0000e+00
       2365     11.008    15.4203    15.4111   3.423559   3.426755     2.3538     2.2731     0.0037  0.1020720 0.0000e+00
       2366     11.030    15.4089    15.3994   3.424598   3.427616     2.3476     2.2671     0.0037  0.1019107 0.0000e+00
       2367     11.052    15.3976    15.3880   3.425579   3.428429     2.3414     2.2610     0.0037  0.1017602 0.0000e+00
       2368     11.075    15.3866    15.3769   3.426501   3.429196     2.3353     2.2550     0.0037  0.1016194 0.0000e+00
       2369     11.097    15.3758    15.3662   3.427363   3.429918     2.3291     2.2490     0.0037  0.1014873 0.0000e+00
       2370     11.119    15.3652    15.3557   3.428169   3.430598     2.3229     2.2430     0.0037  0.1013631 0.0000e+00
       2371     11.141    15.3546    15.3454   3.428919   3.431235     2.3168     2.2370     0.0037  0.1012450 0.0000e+00
       2372     11.163    15.3441    15.3352   3.429615   3.431831     2.3106     2.2310     0.0037  0.1011313 0.0000e+00
       2373     11.186    15.3337    15.3251   3.430258   3.432385     2.3045     2.2250     0.0037  0.1010221 0.0000e+00
       2374     11.208    15.3233    15.3151   3.430849   3.432901     2.2983     2.2190     0.0037  0.1009175 0.0000e+00
       2375     11.230    15.3129    15.3052   3.431394   3.433381     2.2922     2.2130     0.0037  0.1008168 0.0000e+00
       2376     11.252    15.3027    15.2953   3.431899   3.433832     2.2861     2.2070     0.0037  0.1007192 0.0000e+00
       2377     11.275    15.2926    15.2855   3.432372   3.434260     2.2799     2.2010     0.0037  0.1006242 0.0000e+00
       2378     11.297    15.2827    15.2758   3.432821   3.434673     2.2738     2.1950     0.0037  0.1005317 0.0000e+00
       2379     11.319    15.2730    15.2664   3.433254   3.435076     2.2677     2.1890     0.0037  0.1004422 0.0000e+00
       2380     11.341    15.2634    15.2572   3.433677   3.435475     2.2615     2.1830     0.0037  0.1003540 0.0000e+00
       2381     11.364    15.2541    15.2482   3.434096   3.435875     2.2554     2.1770     0.0037  0.1002650 0.0000e+00
       2382     11.386    15.2450    15.2394   3.434516   3.436282     2.2493     2.1710     0.0037  0.1001744 0.0000e+00
       2383     11.409    15.2362    15.2308   3.434940   3.436698     2.2432     2.1650     0.0037  0.1000825 0.0000e+00
       2384     11.431    15.2276    15.2225   3.435373   3.437126     2.2371     2.1590     0.0037  0.0999887 0.0000e+00
       2385     11.453    15.2193    15.2145   3.435818   3.437570     2.2310     2.1530     0.0037  0.0998948 0.0000e+00
       2386     11.476    15.2113    15.2067   3.436277   3.438031     2.2249     2.1470     0.0037  0.0998045 0.0000e+00
       2387     11.498    15.2037    15.1991   3.436754   3.438513     2.2188     2.1410     0.0037  0.0997196 0.0000e+00
       2388     11.520    15.1962    15.1918   3.437250   3.439018     2.2127     2.1349     0.0037  0.0996404 0.0000e+00
       2389     11.543    15.1891    15.1848   3.437769   3.439547     2.2066     2.1289     0.0037  0.0995664 0.0000e+00
       2390     11.565    15.1823    15.1780   3.438313   3.440101     2.2004     2.1229     0.0037  0.0994979 0.0000e+00
       2391     11.587    15.1757    15.1715   3.438883   3.440682     2.1943     2.1169     0.0037  0.0994353 0.0000e+00
       2392     11.610    15.1694    15.1653   3.439480   3.441294     2.1881     2.1109     0.0037  0.0993781 0.0000e+00
       2393     11.632    15.1633    15.1595   3.440106   3.441937     2.1819     2.1049     0.0037  0.0993251 0.0000e+00
       2394     11.655    15.1575    15.1540   3.440765   3.442613     2.1757     2.0989     0.0037  0.0992743 0.0000e+00
       2395     11.677    15.1521    15.1488   3.441455   3.443318     2.1696     2.0929     0.0037  0.0992243 0.0000e+00
       2396     11.699    15.1470    15.1441   3.442176   3.444049     2.1634     2.0869     0.0037  0.0991750 0.0000e+00
       2397     11.722    15.1423    15.1396   3.442924   3.444806     2.1572     2.0809     0.0037  0.0991267 0.0000e+00
       2398     11.744    15.1381    15.1356   3.443697   3.445587     2.1511     2.0749     0.0037  0.0990809 0.0000e+00
       2399     11.767    15.1342    15.1319   3.444493   3.446392     2.1449     2.0690     0.0037  0.0990380 0.0000e+00
       2400     11.790    15.1307    15.1286   3.445311   3.447218     2.1387     2.0630     0.0037  0.0989978 0.0000e+00
       2401     11.812    15.1276    15.1256   3.446150   3.448061     2.1325     2.0571     0.0037  0.0989592 0.0000e+00
       2402     11.835    15.1247    15.1228   3.447007   3.448919     2.1263     2.0512     0.0037  0.0989210 0.0000e+00
       2403     11.858    15.1222    15.1203   3.447877   3.449786     2.1201     2.0453     0.0037  0.0988829 0.0000e+00
       2404     11.880    15.1198    15.1180   3.448757   3.450657     2.1139     2.0394     0.0037  0.0988439 0.0000e+00
       2405     11.903    15.1175    15.1158   3.449641   3.451529     2.1077     2.0336     0.0037  0.0988029 0.0000e+00
       2406     11.925    15.1154    15.1138   3.450525   3.452398     2.1016     2.0277     0.0037  0.0987595 0.0000e+00
       2407     11.948    15.1133    15.1117   3.451406   3.453262     2.0954     2.0219     0.0037  0.0987134 0.0000e+00
       2408     11.971    15.1112    15.1097   3.452283   3.454119     2.0892     2.0161     0.0037  0.0986643 0.0000e+00
       2409     11.994    15.1091    15.1077   3.453154   3.454972     2.0831     2.0104     0.0037  0.0986128 0.0000e+00
       2410     12.016    15.1070    15.1057   3.454020   3.455822     2.0770     2.0046     0.0037  0.0985601 0.0000e+00
       2411     12.039    15.1049    15.1037   3.454883   3.456674     2.0708     1.9989     0.0037  0.0985068 0.0000e+00
       2412     12.062    15.1029    15.1017   3.455746   3.457530     2.0647     1.9933     0.0037  0.0984533 0.0000e+00
       2413     12.084    15.1008    15.0998   3.456615   3.458397     2.0587     1.9876     0.0037  0.0984010 0.0000e+00
       2414     12.107    15.0989    15.0979   3.457494   3.459281     2.0526     1.9820     0.0037  0.0983504 0.0000e+00
       2415     12.130    15.0970    15.0961   3.458391   3.460187     2.0465     1.9764     0.0037  0.0983010 0.0000e+00
       2416     12.153    15.0953    15.0945   3.459311   3.461121     2.0405     1.9709     0.0037  0.0982525 0.0000e+00
       2417     12.176    15.0936    15.0929   3.460262   3.462091     2.0344     1.9654     0.0037  0.0982047 0.0000e+00
       2418     12.198    15.0922    15.0916   3.461250   3.463103     2.0284     1.9599     0.0037  0.0981563 0.0000e+00
       2419     12.221    15.0910    15.0904   3.462281   3.464163     2.0225     1.9545     0.0037  0.0981062 0.0000e+00
       2420     12.244    15.0899    15.0893   3.463361   3.465277     2.0165     1.9491     0.0037  0.0980547 0.0000e+00
       2421     12.267    15.0890    15.0884   3.464494   3.466447     2.0106     1.9438     0.0037  0.0980026 0.0000e+00
       2422     12.289    15.0883    15.0877   3.465686   3.467676     2.0047     1.9385     0.0037  0.0979484 0.0000e+00
       2423     12.312    15.0877    15.0871   3.466939   3.468964     1.9988     1.9332     0.0037  0.0978911 0.0000e+00
       2424     12.335    15.0873    15.0866   3.468252   3.470311     1.9930     1.9280     0.0037  0.0978309 0.0000e+00
       2425     12.357    15.0870    15.0863   3.469627   3.471719     1.9871     1.9228     0.0037  0.0977685 0.0000e+00
       2426     12.380    15.0868    15.0860   3.471061   3.473187     1.9814     1.9177     0.0037  0.0977025 0.0000e+00
       2427     12.402    15.0867    15.0858   3.472555   3.474715     1.9756     1.9126     0.0037  0.0976315 0.0000e+00
       2428     12.425    15.0867    15.0857   3.474110   3.476302     1.9699     1.9075     0.0037  0.0975551 0.0000e+00
       2429     12.447    15.0867    15.0855   3.475726   3.477947     1.9642     1.9025     0.0037  0.0974728 0.0000e+00
       2430     12.470    15.0868    15.0853   3.477402   3.479646     1.9585     1.8975     0.0037  0.0973849 0.0000e+00
       2431     12.492    15.0867    15.0850   3.479133   3.481396     1.9529     1.8926     0.0037  0.0972915 0.0000e+00
       2432     12.515    15.0866    15.0845   3.480915   3.483192     1.9473     1.8877     0.0037  0.0971920 0.0000e+00
       2433     12.537    15.0863    15.0837   3.482743   3.485025     1.9418     1.8828     0.0037  0.0970849 0.0000e+00
       2434     12.560    15.0857    15.0826   3.484607   3.486883     1.9363     1.8780     0.0037  0.0969678 0.0000e+00
       2435     12.582    15.0847    15.0810   3.486494   3.488755     1.9309     1.8733     0.0037  0.0968406 0.0000e+00
       2436     12.605    15.0832    15.0788   3.488389   3.490628     1.9255     1.8686     0.0038  0.0967085 0.0000e+00
       2437     12.627    15.0810    15.0759   3.490278   3.492487     1.9201     1.8639     0.0038  0.0965789 0.0000e+00
       2438     12.650    15.0780    15.0722   3.492143   3.494317     1.9148     1.8593     0.0038  0.0964570 0.0000e+00
       2439     12.672    15.0741    15.0677   3.493971   3.496104     1.9095     1.8547     0.0038  0.0963437 0.0000e+00
       2440     12.695    15.0694    15.0623   3.495749   3.497839     1.9043     1.8502     0.0038  0.0962380 0.0000e+00
       2441     12.717    15.0637    15.0559   3.497470   3.499515     1.8991     1.8457     0.0038  0.0961394 0.0000e+00
       2442     12.740    15.0570    15.0487   3.499129   3.501128     1.8939     1.8413     0.0038  0.0960453 0.0000e+00
       2443     12.762    15.0495    15.0407   3.500723   3.502672     1.8888     1.8369     0.0038  0.0959518 0.0000e+00
       2444     12.784    15.0409    15.0317   3.502249   3.504148     1.8837     1.8325     0.0038  0.0958564 0.0000e+00
       2445     12.806    15.0315    15.0218   3.503708   3.505556     1.8787     1.8282     0.0038  0.0957595 0.0000e+00
       2446     12.829    15.0212    15.0112   3.505100   3.506900     1.8737     1.8240     0.0038  0.0956628 0.0000e+00
       2447     12.851    15.0102    14.9998   3.506430   3.508186     1.8688     1.8198     0.0038  0.0955682 0.0000e+00
       2448     12.873    14.9985    14.9879   3.507702   3.509423     1.8640     1.8157     0.0038  0.0954760 0.0000e+00
       2449     12.895    14.9862    14.9756   3.508926   3.510616     1.8591     1.8116     0.0038  0.0953854 0.0000e+00
       2450     12.918    14.9736    14.9630   3.510110   3.511769     1.8543     1.8075     0.0038  0.0952959 0.0000e+00
       2451     12.940    14.9607    14.9501   3.511255   3.512880     1.8496     1.8035     0.0038  0.0952068 0.0000e+00
       2452     12.962    14.9473    14.9366   3.512358   3.513939     1.8449     1.7996     0.0038  0.0951158 0.0000e+00
       2453     12.985    14.9334    14.9226   3.513409   3.514937     1.8403     1.7956     0.0038  0.0950206 0.0000e+00
       2454     13.007    14.9191    14.9082   3.514397   3.515864     1.8357     1.7918     0.0038  0.0949223 0.0000e+00
       2455     13.029    14.9043    14.8933   3.515311   3.516708     1.8311     1.7880     0.0038  0.0948217 0.0000e+00
       2456     13.051    14.8890    14.8777   3.516140   3.517458     1.8266     1.7842     0.0038  0.0947183 0.0000e+00
       2457     13.074    14.8729    14.8614   3.516869   3.518100     1.8221     1.7805     0.0038  0.0946113 0.0000e+00
       2458     13.096    14.8561    14.8441   3.517488   3.518620     1.8178     1.7768     0.0038  0.0944999 0.0000e+00
       2459     13.118    14.8383    14.8259   3.517987   3.519006     1.8134     1.7732     0.0038  0.0943834 0.0000e+00
       2460     13.140    14.8195    14.8066   3.518353   3.519251     1.8091     1.7696     0.0038  0.0942611 0.0000e+00
       2461     13.163    14.8000    14.7866   3.518579   3.519347     1.8049     1.7661     0.0037  0.0941345 0.0000e+00
       2462     13.185    14.7799    14.7660   3.518657   3.519291     1.8006     1.7626     0.0035  0.0940095 0.0000e+00
       2463     13.207    14.7590    14.7446   3.518578   3.519074     1.7964     1.7591     0.0035  0.0938923 0.0000e+00
       2464     13.230    14.7368    14.7218   3.518335   3.518689     1.7923     1.7557     0.0035  0.0937852 0.0000e+00
       2465     13.252    14.7132    14.6976   3.517922   3.518133     1.7882     1.7523     0.0035  0.0936884 0.0000e+00
       2466     13.274    14.6883    14.6720   3.517337   3.517402     1.7841     1.7490     0.0035  0.0936012 0.0000e+00
       2467     13.296    14.6621    14.6450   3.516576   3.516498     1.7801     1.7457     0.0035  0.0935231 0.0000e+00
       2468     13.318    14.6344    14.6165   3.515643   3.515423     1.7761     1.7424     0.0035  0.0934534 0.0000e+00
       2469     13.340    14.6053    14.5866   3.514539   3.514182     1.7722     1.7391     0.0035  0.0933917 0.0000e+00
       2470     13.362    14.5749    14.5553   3.513273   3.512783     1.7683     1.7359     0.0035  0.0933376 0.0000e+00
       2471     13.384    14.5432    14.5227   3.511854   3.511241     1.7644     1.7327     0.0035  0.0932907 0.0000e+00
       2472     13.406    14.5102    14.4892   3.510293   3.509578     1.7606     1.7295     0.0033  0.0932507 0.0000e+00
       2473     13.428    14.4764    14.4549   3.508612   3.507825     1.7568     1.7263     0.0035  0.0932172 0.0000e+00
       2474     13.450    14.4419    14.4203   3.506837   3.506018     1.7530     1.7232     0.0035  0.0931901 0.0000e+00
       2475     13.473    14.4072    14.3858   3.505007   3.504197     1.7492     1.7201     0.0035  0.0931692 0.0000e+00
       2476     13.495    14.3728    14.3518   3.503162   3.502402     1.7455     1.7170     0.0035  0.0931543 0.0000e+00
       2477     13.517    14.3390    14.3188   3.501349   3.500676     1.7418     1.7139     0.0035  0.0931453 0.0000e+00
       2478     13.539    14.3062    14.2869   3.499609   3.499053     1.7382     1.7108     0.0035  0.0931421 0.0000e+00
       2479     13.561    14.2746    14.2565   3.497983   3.497564     1.7345     1.7077     0.0035  0.0931448 0.0000e+00
       2480     13.583    14.2446    14.2277   3.496498   3.496234     1.7309     1.7047     0.0035  0.0931533 0.0000e+00
       2481     13.605    14.2163    14.2005   3.495178   3.495082     1.7273     1.7016     0.0035  0.0931678 0.0000e+00
       2482     13.627    14.1896    14.1751   3.494036   3.494119     1.7237     1.6986     0.0035  0.0931882 0.0000e+00
       2483     13.649    14.1649    14.1515   3.493083   3.493353     1.7201     1.6956     0.0033  0.0932148 0.0000e+00
       2484     13.671    14.1422    14.1299   3.492328   3.492782     1.7165     1.6926     0.0035  0.0932477 0.0000e+00
       2485     13.693    14.1212    14.1099   3.491769   3.492399     1.7129     1.6895     0.0035  0.0932872 0.0000e+00
       2486     13.715    14.1017    14.0912   3.491401   3.492195     1.7093     1.6865     0.0035  0.0933327 0.0000e+00
       2487     13.737    14.0837    14.0736   3.491215   3.492152     1.7058     1.6835     0.0037  0.0933811 0.0000e+00
       2488     13.759    14.0669    14.0572   3.491193   3.492245     1.7022     1.6804     0.0037  0.0934285 0.0000e+00
       2489     13.781    14.0511    14.0415   3.491311   3.492436     1.6987     1.6774     0.0037  0.0934736 0.0000e+00
       2490     13.803    14.0358    14.0261   3.491529   3.492684     1.6952     1.6743     0.0037  0.0935157 0.0000e+00
       2491     13.825    14.0206    14.0106   3.491804   3.492950     1.6917     1.6712     0.0037  0.0935535 0.0000e+00
