data/2021/ctd_data_day1/Station 3 210921.cnv
* Sea-Bird SBE 9 Data File:
* FileName = C:\Users\CTD-User\Desktop\MAR440\Station 3 210921.hex
* Software Version Seasave V 7.26.2.13
* Temperature SN = 6313
* Conductivity SN = 4758
* Number of Bytes Per Scan = 30
* Number of Voltage Words = 4
* Number of Scans Averaged by the Deck Unit = 1
* NMEA baud rate = 4800
** Ship:
** Station:
** Operator:
# nquan = 11
# nvalues = 5414                                  
# units = specified
# name 0 = scan: Scan Count
# name 1 = prDM: Pressure, Digiquartz [db]
# name 2 = t090C: Temperature [ITS-90, deg C]
# name 3 = t190C: Temperature, 2 [ITS-90, deg C]
# name 4 = c0S/m: Conductivity [S/m]
# name 5 = c1S/m: Conductivity, 2 [S/m]
# name 6 = sbeox0V: Oxygen raw, SBE 43 [V]
# name 7 = sbeox1V: Oxygen raw, SBE 43, 2 [V]
# name 8 = flECO-AFL: Fluorescence, WET Labs ECO-AFL/FL [mg/m^3]
# name 9 = upoly0: Upoly 0, Turbidity
# name 10 = flag:  0.000e+00
# span 0 =          1,       5414                 
# span 1 =      1.484,     20.539                 
# span 2 =     8.0003,    16.1871                 
# span 3 =     8.0022,    16.1888                 
# span 4 =   2.919530,   3.490542                 
# span 5 =   2.966036,   3.491878                 
# span 6 =     0.4650,     2.8157                 
# span 7 =     0.5261,     2.6667                 
# span 8 =     0.0033,     0.0092                 
# span 9 =  0.0883968,  0.1934029                 
# span 10 = 0.0000e+00, 0.0000e+00                
# interval = seconds: 0.0416667
# start_time = Sep 21 2021 09:31:52 [System UTC, header]
# bad_flag = -9.990e-29
*END*
[from data line 4328]
       4329     19.919     8.1454     8.1834   3.244394   3.249880     0.4919     0.5615     0.0075  0.1514005  0.000e+00
       4330     19.919     8.1443     8.1995   3.244285   3.249812     0.4919     0.5627     0.0075  0.1514005  0.000e+00
       4331     19.919     8.1371     8.2198   3.244285   3.249670     0.4907     0.5615     0.0075  0.1514005  0.000e+00
       4332     19.919     8.1470     8.2374   3.244348   3.249608     0.4907     0.5615     0.0077  0.1514005  0.000e+00
       4333     19.911     8.1655     8.2484   3.244313   3.249467     0.4907     0.5615     0.0075  0.1514005  0.000e+00
       4334     19.919     8.1754     8.2499   3.244233   3.249223     0.4919     0.5615     0.0077  0.1514005  0.000e+00
       4335     19.919     8.1876     8.2470   3.244170   3.249156     0.4919     0.5615     0.0075  0.1514005  0.000e+00
       4336     19.985     8.1907     8.2343   3.244222   3.249139     0.4907     0.5615     0.0077  0.1518889  0.000e+00
       4337     19.919     8.1936     8.2005   3.244467   3.248975     0.4907     0.5615     0.0077  0.1518889  0.000e+00
       4338     19.919     8.1937     8.1652   3.244627   3.248874     0.4907     0.5615     0.0077  0.1518889  0.000e+00
       4339     19.919     8.1876     8.1513   3.244456   3.248620     0.4919     0.5603     0.0077  0.1518889  0.000e+00
       4340     19.919     8.1779     8.1580   3.244433   3.248411     0.4907     0.5603     0.0077  0.1518889  0.000e+00
       4341     19.919     8.1658     8.1657   3.244365   3.248337     0.4895     0.5603     0.0077  0.1518889  0.000e+00
       4342     19.968     8.1573     8.1763   3.244531   3.248382     0.4895     0.5603     0.0077  0.1514005  0.000e+00
       4343     19.919     8.1543     8.1868   3.244531   3.248569     0.4907     0.5603     0.0077  0.1518889  0.000e+00
       4344     19.919     8.1501     8.1946   3.244531   3.248868     0.4907     0.5603     0.0077  0.1518889  0.000e+00
       4345     19.919     8.1557     8.1985   3.244245   3.249021     0.4907     0.5603     0.0077  0.1518889  0.000e+00
       4346     19.919     8.1890     8.2008   3.244222   3.249083     0.4907     0.5603     0.0077  0.1518889  0.000e+00
       4347     19.919     8.2128     8.2018   3.244490   3.249167     0.4907     0.5603     0.0075  0.1518889  0.000e+00
       4348     19.919     8.2169     8.2076   3.244764   3.249213     0.4895     0.5603     0.0077  0.1518889  0.000e+00
       4349     19.985     8.2069     8.2237   3.244810   3.249416     0.4907     0.5603     0.0077  0.1514005  0.000e+00
       4350     19.911     8.1918     8.2371   3.244913   3.249636     0.4895     0.5603     0.0077  0.1518889  0.000e+00
       4351     19.919     8.1855     8.2459   3.245153   3.249647     0.4895     0.5603     0.0077  0.1518889  0.000e+00
       4352     19.919     8.1837     8.2530   3.245393   3.249630     0.4895     0.5603     0.0077  0.1518889  0.000e+00
       4353     19.919     8.1831     8.2542   3.245588   3.249743     0.4907     0.5591     0.0077  0.1518889  0.000e+00
       4354     19.919     8.1911     8.2467   3.245696   3.249647     0.4907     0.5591     0.0077  0.1518889  0.000e+00
       4355     19.985     8.2125     8.2379   3.245827   3.249625     0.4895     0.5591     0.0077  0.1518889  0.000e+00
       4356     19.919     8.2368     8.2270   3.245976   3.249501     0.4895     0.5591     0.0077  0.1518889  0.000e+00
       4357     19.919     8.2567     8.2117   3.246101   3.249365     0.4882     0.5591     0.0077  0.1518889  0.000e+00
       4358     19.919     8.2694     8.1925   3.246152   3.249269     0.4895     0.5591     0.0077  0.1518889  0.000e+00
       4359     19.968     8.2752     8.1854   3.246050   3.249230     0.4907     0.5591     0.0077  0.1518889  0.000e+00
       4360     19.919     8.2718     8.1951   3.246055   3.249111     0.4882     0.5591     0.0077  0.1518889  0.000e+00
       4361     19.919     8.2613     8.2088   3.246158   3.249247     0.4882     0.5591     0.0077  0.1518889  0.000e+00
       4362     19.919     8.2451     8.2247   3.246056   3.249393     0.4882     0.5591     0.0077  0.1523773  0.000e+00
       4363     19.919     8.2295     8.2296   3.245924   3.249467     0.4895     0.5591     0.0077  0.1523773  0.000e+00
       4364     19.919     8.2183     8.2255   3.245913   3.249461     0.4882     0.5591     0.0077  0.1523773  0.000e+00
       4365     19.985     8.2157     8.2246   3.246079   3.249455     0.4882     0.5578     0.0077  0.1523773  0.000e+00
       4366     19.919     8.2185     8.2310   3.246244   3.249410     0.4882     0.5578     0.0077  0.1523773  0.000e+00
       4367     19.919     8.2214     8.2379   3.246056   3.249529     0.4882     0.5578     0.0077  0.1523773  0.000e+00
       4368     19.968     8.2213     8.2374   3.245827   3.249551     0.4907     0.5578     0.0077  0.1523773  0.000e+00
       4369     19.919     8.2148     8.2332   3.245690   3.249342     0.4882     0.5578     0.0077  0.1523773  0.000e+00
       4370     19.919     8.2021     8.2308   3.245702   3.249184     0.4870     0.5578     0.0077  0.1523773  0.000e+00
       4371     19.985     8.1816     8.2327   3.245765   3.249116     0.4870     0.5578     0.0077  0.1523773  0.000e+00
       4372     19.919     8.1594     8.2358   3.245668   3.249037     0.4882     0.5578     0.0077  0.1523773  0.000e+00
       4373     19.919     8.1391     8.2382   3.245697   3.249031     0.4882     0.5578     0.0077  0.1523773  0.000e+00
       4374     19.919     8.1241     8.2449   3.245805   3.249105     0.4870     0.5578     0.0077  0.1523773  0.000e+00
       4375     19.919     8.1302     8.2506   3.245840   3.249150     0.4858     0.5578     0.0077  0.1523773  0.000e+00
       4376     19.968     8.1569     8.2441   3.245725   3.249246     0.4858     0.5578     0.0077  0.1523773  0.000e+00
       4377     19.919     8.1831     8.2288   3.245668   3.249190     0.4882     0.5578     0.0075  0.1523773  0.000e+00
       4378     19.985     8.1980     8.2255   3.245770   3.249162     0.4882     0.5578     0.0077  0.1523773  0.000e+00
       4379     19.919     8.2003     8.2317   3.245827   3.249331     0.4870     0.5578     0.0075  0.1523773  0.000e+00
       4380     19.919     8.1945     8.2242   3.245856   3.249484     0.4858     0.5566     0.0077  0.1523773  0.000e+00
       4381     19.919     8.1884     8.2322   3.245690   3.249427     0.4858     0.5566     0.0077  0.1523773  0.000e+00
       4382     19.985     8.1853     8.2548   3.245565   3.249416     0.4870     0.5566     0.0077  0.1523773  0.000e+00
       4383     19.919     8.1870     8.2630   3.245542   3.249269     0.4870     0.5566     0.0077  0.1523773  0.000e+00
       4384     19.919     8.1954     8.2452   3.245227   3.248975     0.4858     0.5566     0.0077  0.1523773  0.000e+00
       4385     19.911     8.1970     8.2185   3.244862   3.248998     0.4858     0.5566     0.0077  0.1523773  0.000e+00
       4386     19.985     8.1890     8.1961   3.244576   3.248885     0.4858     0.5566     0.0075  0.1523773  0.000e+00
       4387     19.919     8.1625     8.1923   3.244485   3.248704     0.4870     0.5566     0.0075  0.1523773  0.000e+00
       4388     19.919     8.1120     8.1980   3.244343   3.248303     0.4858     0.5566     0.0075  0.1523773  0.000e+00
       4389     19.919     8.0678     8.1788   3.244217   3.247874     0.4858     0.5566     0.0075  0.1523773  0.000e+00
       4390     19.985     8.0397     8.1512   3.243783   3.247704     0.4858     0.5566     0.0071  0.1523773  0.000e+00
       4391     19.919     8.0276     8.1277   3.243406   3.247580     0.4858     0.5566     0.0075  0.1523773  0.000e+00
       4392     19.919     8.0401     8.1235   3.243023   3.247563     0.4870     0.5566     0.0075  0.1523773  0.000e+00
       4393     19.968     8.0740     8.1537   3.242937   3.247761     0.4858     0.5566     0.0075  0.1523773  0.000e+00
       4394     19.919     8.1123     8.1756   3.242857   3.247879     0.4858     0.5566     0.0075  0.1523773  0.000e+00
       4395     19.919     8.1457     8.1834   3.242914   3.248094     0.4846     0.5566     0.0077  0.1523773  0.000e+00
       4396     19.985     8.1661     8.1831   3.242988   3.248263     0.4858     0.5554     0.0075  0.1523773  0.000e+00
       4397     19.861     8.1759     8.1805   3.242691   3.248439     0.4858     0.5566     0.0077  0.1523773  0.000e+00
       4398     19.985     8.1674     8.1788   3.242319   3.248766     0.4846     0.5566     0.0077  0.1518889  0.000e+00
       4399     19.919     8.1219     8.1783   3.242034   3.248908     0.4833     0.5554     0.0077  0.1523773  0.000e+00
       4400     19.919     8.0794     8.1770   3.241778   3.248993     0.4833     0.5554     0.0077  0.1523773  0.000e+00
       4401     19.985     8.0527     8.1773   3.241601   3.248987     0.4846     0.5554     0.0075  0.1523773  0.000e+00
       4402     19.911     8.0423     8.1814   3.241333   3.248823     0.4858     0.5554     0.0075  0.1523773  0.000e+00
       4403     19.919     8.0379     8.1834   3.241036   3.248642     0.4846     0.5554     0.0077  0.1523773  0.000e+00
       4404     19.919     8.0300     8.1798   3.240807   3.248619     0.4858     0.5554     0.0075  0.1523773  0.000e+00
       4405     19.985     8.0260     8.1776   3.240562   3.248518     0.4833     0.5554     0.0075  0.1523773  0.000e+00
       4406     19.919     8.0365     8.1793   3.240293   3.248326     0.4846     0.5554     0.0077  0.1523773  0.000e+00
       4407     19.919     8.0582     8.1810   3.240161   3.248230     0.4846     0.5554     0.0077  0.1523773  0.000e+00
       4408     19.919     8.0686     8.1834   3.240007   3.248083     0.4858     0.5554     0.0075  0.1523773  0.000e+00
       4409     19.985     8.0628     8.1881   3.239916   3.248060     0.4833     0.5554     0.0077  0.1523773  0.000e+00
       4410     19.911     8.0511     8.1873   3.239836   3.248156     0.4833     0.5542     0.0075  0.1523773  0.000e+00
       4411     19.919     8.0410     8.1860   3.239768   3.248275     0.4846     0.5554     0.0077  0.1523773  0.000e+00
       4412     19.985     8.0344     8.1897   3.239648   3.248478     0.4833     0.5554     0.0075  0.1523773  0.000e+00
       4413     19.919     8.0326     8.1957   3.239693   3.248631     0.4833     0.5554     0.0077  0.1523773  0.000e+00
       4414     19.919     8.0394     8.2048   3.239682   3.248597     0.4833     0.5542     0.0077  0.1523773  0.000e+00
       4415     19.919     8.0558     8.2167   3.239579   3.248568     0.4846     0.5542     0.0075  0.1518889  0.000e+00
       4416     19.919     8.0748     8.2223   3.239328   3.248370     0.4858     0.5542     0.0075  0.1523773  0.000e+00
       4417     19.985     8.0909     8.2175   3.239207   3.248127     0.4846     0.5542     0.0077  0.1523773  0.000e+00
       4418     19.919     8.0974     8.2099   3.238928   3.247885     0.4833     0.5542     0.0077  0.1523773  0.000e+00
       4419     19.911     8.0961     8.2017   3.238756   3.247636     0.4821     0.5542     0.0075  0.1523773  0.000e+00
       4420     19.985     8.0902     8.2006   3.238659   3.247472     0.4833     0.5542     0.0075  0.1523773  0.000e+00
       4421     19.919     8.0785     8.2045   3.238545   3.247342     0.4846     0.5542     0.0075  0.1523773  0.000e+00
       4422     19.919     8.0636     8.2052   3.238494   3.247173     0.4833     0.5542     0.0075  0.1523773  0.000e+00
       4423     19.919     8.0537     8.1834   3.238374   3.247054     0.4833     0.5542     0.0077  0.1523773  0.000e+00
       4424     19.985     8.0500     8.1577   3.238408   3.246908     0.4833     0.5542     0.0075  0.1523773  0.000e+00
       4425     19.919     8.0469     8.1545   3.238317   3.246964     0.4858     0.5542     0.0075  0.1523773  0.000e+00
       4426     19.919     8.0451     8.1600   3.238283   3.246987     0.4858     0.5542     0.0075  0.1523773  0.000e+00
       4427     19.911     8.0461     8.1613   3.238260   3.247156     0.4833     0.5542     0.0075  0.1523773  0.000e+00
       4428     19.985     8.0495     8.1574   3.238186   3.247320     0.4821     0.5542     0.0077  0.1523773  0.000e+00
       4429     19.919     8.0537     8.1545   3.238231   3.247495     0.4821     0.5542     0.0077  0.1523773  0.000e+00
       4430     19.919     8.0572     8.1549   3.238294   3.247687     0.4833     0.5542     0.0075  0.1523773  0.000e+00
       4431     19.919     8.0603     8.1557   3.238397   3.247857     0.4833     0.5542     0.0077  0.1523773  0.000e+00
       4432     19.919     8.0620     8.1614   3.238408   3.248004     0.4821     0.5542     0.0075  0.1523773  0.000e+00
       4433     19.985     8.0584     8.1688   3.238351   3.248168     0.4821     0.5542     0.0075  0.1523773  0.000e+00
       4434     19.919     8.0414     8.1689   3.238232   3.248105     0.4821     0.5542     0.0075  0.1523773  0.000e+00
       4435     19.919     8.0251     8.1581   3.238015   3.247936     0.4833     0.5542     0.0075  0.1518889  0.000e+00
       4436     19.968     8.0149     8.1397   3.237935   3.247733     0.4833     0.5530     0.0077  0.1523773  0.000e+00
       4437     19.919     8.0091     8.1239   3.237815   3.247377     0.4821     0.5542     0.0077  0.1523773  0.000e+00
       4438     19.919     8.0058     8.1250   3.237695   3.247202     0.4821     0.5530     0.0077  0.1528657  0.000e+00
       4439     19.919     8.0041     8.1423   3.237644   3.247077     0.4821     0.5530     0.0075  0.1523773  0.000e+00
       4440     19.919     8.0063     8.1565   3.237501   3.247021     0.4833     0.5530     0.0075  0.1523773  0.000e+00
       4441     19.919     8.0154     8.1662   3.237524   3.247201     0.4833     0.5530     0.0075  0.1528657  0.000e+00
       4442     19.919     8.0255     8.1775   3.237547   3.247297     0.4821     0.5530     0.0071  0.1523773  0.000e+00
       4443     19.919     8.0308     8.1891   3.237586   3.247495     0.4809     0.5530     0.0075  0.1528657  0.000e+00
       4444     19.985     8.0320     8.1946   3.237535   3.247613     0.4821     0.5530     0.0077  0.1528657  0.000e+00
       4445     19.911     8.0337     8.1883   3.237581   3.247540     0.4833     0.5530     0.0077  0.1528657  0.000e+00
       4446     19.919     8.0298     8.1842   3.237649   3.247529     0.4833     0.5530     0.0077  0.1528657  0.000e+00
       4447     19.985     8.0222     8.1863   3.237706   3.247427     0.4809     0.5530     0.0075  0.1523773  0.000e+00
       4448     19.919     8.0167     8.1880   3.237701   3.247382     0.4809     0.5530     0.0075  0.1523773  0.000e+00
       4449     19.919     8.0127     8.1866   3.237604   3.247258     0.4821     0.5530     0.0075  0.1528657  0.000e+00
       4450     19.919     8.0106     8.1849   3.237592   3.247195     0.4833     0.5530     0.0075  0.1528657  0.000e+00
       4451     19.919     8.0089     8.1840   3.237467   3.247178     0.4821     0.5530     0.0075  0.1528657  0.000e+00
       4452     19.919     8.0078     8.1840   3.237495   3.247094     0.4809     0.5530     0.0075  0.1528657  0.000e+00
       4453     19.968     8.0068     8.1871   3.237427   3.247060     0.4809     0.5530     0.0075  0.1523773  0.000e+00
       4454     19.919     8.0060     8.1868   3.237444   3.246800     0.4821     0.5530     0.0075  0.1523773  0.000e+00
       4455     19.919     8.0058     8.1679   3.237478   3.246495     0.4821     0.5530     0.0077  0.1523773  0.000e+00
       4456     19.919     8.0046     8.1382   3.237530   3.246235     0.4821     0.5530     0.0075  0.1528657  0.000e+00
       4457     19.919     8.0036     8.1230   3.237478   3.246117     0.4809     0.5530     0.0075  0.1528657  0.000e+00
       4458     19.919     8.0029     8.1355   3.237478   3.246173     0.4809     0.5530     0.0075  0.1528657  0.000e+00
       4459     19.919     8.0026     8.1583   3.237398   3.246122     0.4821     0.5530     0.0077  0.1528657  0.000e+00
