data/2021/ctd_data_day1/Station 1 ex 210921_ctm_fil_le_der.cnv
* Sea-Bird SBE 9 Data File:
* FileName = C:\Users\CTD-User\Desktop\MAR440\Station 1 ex 210921.hex
* Software Version Seasave V 7.26.2.13
* Temperature SN = 6313
* Conductivity SN = 4758
* Number of Bytes Per Scan = 30
* Number of Voltage Words = 4
* Number of Scans Averaged by the Deck Unit = 1
* NMEA baud rate = 4800
** Ship:
** Station:
** Operator:
# nquan = 16                                
# nvalues = 3592                        
# units = specified
# name 0 = scan: Scan Count
# name 1 = prDM: Pressure, Digiquartz [db]
# name 2 = t090C: Temperature [ITS-90, deg C]
# name 3 = t190C: Temperature, 2 [ITS-90, deg C]
# name 4 = c0S/m: Conductivity [S/m]
# name 5 = c1S/m: Conductivity, 2 [S/m]
# name 6 = sbeox0V: Oxygen raw, SBE 43 [V]
# name 7 = sbeox1V: Oxygen raw, SBE 43, 2 [V]
# name 8 = flECO-AFL: Fluorescence, WET Labs ECO-AFL/FL [mg/m^3]
# name 9 = upoly0: Upoly 0, Turbidity
# name 10 = depSM: Depth [salt water, m], lat = 59
# name 11 = sal00: Salinity, Practical [PSU]
# name 12 = sal11: Salinity, Practical, 2 [PSU]
# name 13 = sbeox0ML/L: Oxygen, SBE 43 [ml/l], WS = 2
# name 14 = sbeox1ML/L: Oxygen, SBE 43, 2 [ml/l], WS = 2
# name 15 = flag: flag
# span 0 =          1,       3592       
# span 1 =      0.209,     30.533       
# span 2 =     7.9664,    16.1288       
# span 3 =     7.9555,    16.1351       
# span 4 =   2.884986,   3.768774       
# span 5 =   2.872738,   3.769854       
# span 6 =     0.6778,     2.8827       
# span 7 =     0.7295,     2.7937       
# span 8 =     0.0035,     0.1207       
# span 9 =  0.0866592,  0.1704992       
# span 10 =      0.207,     30.245      
# span 11 =    22.3329,    32.1221      
# span 12 =    22.5603,    32.0933      
# span 13 =     0.4259,     7.0525      
# span 14 =     0.6473,     5.9082      
# span 15 = 0.0000e+00, 0.0000e+00      
# interval = seconds: 0.0416667
# start_time = Sep 21 2021 11:23:14 [System UTC, header]
# bad_flag = -9.990e-29
*END*
[from data line 2893]
       2894     30.176     9.6967     9.1346   3.476502   3.431656     0.6903     0.7372     0.0113  0.0882309     29.892    31.8728    31.9138     0.4274     0.6494 -9.990e-29
       2895     30.176     9.7275     9.1681   3.478971   3.434598     0.6895     0.7366     0.0113  0.0882263     29.892    31.8707    31.9142     0.4279     0.6500 -9.990e-29
       2896     30.175     9.7561     9.1977   3.481275   3.437241     0.6888     0.7361     0.0113  0.0882205     29.891    31.8688    31.9150     0.4287     0.6510 -9.990e-29
       2897     30.175     9.7827     9.2235   3.483432   3.439597     0.6881     0.7356     0.0113  0.0882135     29.891    31.8671    31.9161     0.4297     0.6520 -9.990e-29
       2898     30.174     9.8072     9.2458   3.485454   3.441676     0.6874     0.7351     0.0113  0.0882052     29.890    31.8660    31.9176     0.4308     0.6531 -9.990e-29
       2899     30.173     9.8296     9.2651   3.487343   3.443491     0.6868     0.7346     0.0113  0.0881956     29.889    31.8654    31.9191     0.4323     0.6543 -9.990e-29
       2900     30.172     9.8500     9.2823   3.489102   3.445051     0.6861     0.7341     0.0113  0.0881846     29.888    31.8652    31.9197     0.4335     0.6556 -9.990e-29
       2901     30.172     9.8684     9.2975   3.490732   3.446366     0.6855     0.7337     0.0113  0.0881721     29.888    31.8654    31.9197     0.4352     0.6572 -9.990e-29
       2902     30.171     9.8851     9.3104   3.492245   3.447443     0.6849     0.7332     0.0113  0.0881581     29.887    31.8660    31.9192     0.4371     0.6586 -9.990e-29
       2903     30.171     9.9005     9.3207   3.493663   3.448282     0.6843     0.7328     0.0110  0.0881424     29.887    31.8668    31.9186     0.4390     0.6604 -9.990e-29
       2904     30.170     9.9152     9.3282   3.495016   3.448882     0.6837     0.7325     0.0110  0.0881258     29.886    31.8675    31.9181     0.4411     0.6626 -9.990e-29
       2905     30.169     9.9296     9.3328   3.496339   3.449250     0.6832     0.7321     0.0110  0.0881098     29.885    31.8682    31.9178     0.4436     0.6645 -9.990e-29
       2906     30.168     9.9443     9.3346   3.497668   3.449401     0.6827     0.7318     0.0110  0.0880952     29.884    31.8687    31.9177     0.4463     0.6668 -9.990e-29
       2907     30.167     9.9597     9.3340   3.499029   3.449359     0.6822     0.7314     0.0110  0.0880820     29.883    31.8688    31.9178     0.4490     0.6690 -9.990e-29
       2908     30.167     9.9756     9.3309   3.500420   3.449149     0.6817     0.7312     0.0110  0.0880699     29.883    31.8689    31.9185     0.4519     0.6718 -9.990e-29
       2909     30.166     9.9914     9.3253   3.501826   3.448785     0.6812     0.7309     0.0110  0.0880590     29.882    31.8692    31.9197     0.4549     0.6744 -9.990e-29
       2910     30.165    10.0071     9.3173   3.503226   3.448271     0.6808     0.7306     0.0110  0.0880491     29.881    31.8695    31.9216     0.4584     0.6771 -9.990e-29
       2911     30.164    10.0226     9.3066   3.504604   3.447602     0.6804     0.7304     0.0110  0.0880402     29.880    31.8697    31.9243     0.4619     0.6802 -9.990e-29
       2912     30.163    10.0376     9.2935   3.505942   3.446769     0.6800     0.7302     0.0110  0.0880322     29.879    31.8700    31.9274     0.4656     0.6834 -9.990e-29
       2913     30.162    10.0521     9.2781   3.507229   3.445762     0.6797     0.7300     0.0110  0.0880250     29.878    31.8702    31.9308     0.4698     0.6867 -9.990e-29
       2914     30.161    10.0657     9.2604   3.508457   3.444577     0.6794     0.7299     0.0110  0.0880187     29.877    31.8706    31.9344     0.4740     0.6904 -9.990e-29
       2915     30.159    10.0785     9.2403   3.509614   3.443208     0.6791     0.7298     0.0110  0.0880132     29.875    31.8710    31.9383     0.4784     0.6942 -9.990e-29
       2916     30.159    10.0904     9.2176   3.510681   3.441647     0.6788     0.7297     0.0108  0.0880083     29.875    31.8713    31.9425     0.4829     0.6981 -9.990e-29
       2917     30.158    10.1011     9.1925   3.511641   3.439895     0.6785     0.7296     0.0110  0.0880042     29.874    31.8716    31.9470     0.4876     0.7021 -9.990e-29
       2918     30.157    10.1107     9.1660   3.512488   3.437985     0.6783     0.7295     0.0110  0.0880007     29.873    31.8717    31.9510     0.4926     0.7062 -9.990e-29
       2919     30.155    10.1193     9.1392   3.513227   3.435986     0.6782     0.7295     0.0110  0.0879979     29.871    31.8715    31.9544     0.4981     0.7107 -9.990e-29
       2920     30.154    10.1268     9.1125   3.513860   3.433959     0.6780     0.7295     0.0110  0.0879957     29.870    31.8713    31.9574     0.5034     0.7152 -9.990e-29
       2921     30.153    10.1333     9.0857   3.514391   3.431940     0.6779     0.7295     0.0110  0.0879941     29.869    31.8709    31.9606     0.5091     0.7198 -9.990e-29
       2922     30.151    10.1385     9.0591   3.514816   3.429944     0.6778     0.7295     0.0110  0.0879931     29.867    31.8706    31.9638     0.5149     0.7244 -9.990e-29
       2923     30.150    10.1421     9.0329   3.515117   3.427983     0.6778     0.7296     0.0108  0.0879919     29.866    31.8705    31.9671     0.5211     0.7294 -9.990e-29
       2924     30.148    10.1440     9.0075   3.515266   3.426065     0.6778     0.7297     0.0110  0.0879895     29.864    31.8703    31.9700     0.5275     0.7344 -9.990e-29
       2925     30.147    10.1436     8.9829   3.515239   3.424193     0.6779     0.7298     0.0110  0.0879869     29.863    31.8704    31.9728     0.5342     0.7394 -9.990e-29
       2926     30.145    10.1410     8.9587   3.515020   3.422353     0.6780     0.7300     0.0110  0.0879847     29.861    31.8705    31.9755     0.5411     0.7448 -9.990e-29
       2927     30.144    10.1361     8.9345   3.514602   3.420526     0.6781     0.7302     0.0110  0.0879832     29.860    31.8706    31.9783     0.5480     0.7501 -9.990e-29
       2928     30.142    10.1289     8.9100   3.513980   3.418695     0.6783     0.7304     0.0110  0.0879821     29.858    31.8707    31.9813     0.5553     0.7554 -9.990e-29
       2929     30.140    10.1194     8.8854   3.513159   3.416853     0.6785     0.7306     0.0110  0.0879816     29.856    31.8708    31.9844     0.5627     0.7608 -9.990e-29
       2930     30.138    10.1076     8.8605   3.512153   3.414991     0.6788     0.7309     0.0110  0.0879815     29.854    31.8710    31.9875     0.5705     0.7664 -9.990e-29
       2931     30.136    10.0938     8.8356   3.510988   3.413097     0.6791     0.7312     0.0110  0.0879820     29.852    31.8714    31.9902     0.5783     0.7721 -9.990e-29
       2932     30.134    10.0780     8.8102   3.509684   3.411161     0.6794     0.7316     0.0108  0.0879830     29.850    31.8722    31.9930     0.5862     0.7779 -9.990e-29
       2933     30.131    10.0603     8.7842   3.508253   3.409184     0.6798     0.7320     0.0110  0.0879845     29.847    31.8733    31.9959     0.5944     0.7837 -9.990e-29
       2934     30.129    10.0408     8.7578   3.506700   3.407170     0.6803     0.7324     0.0110  0.0879865     29.845    31.8749    31.9987     0.6030     0.7895 -9.990e-29
       2935     30.126    10.0195     8.7310   3.505027   3.405127     0.6808     0.7329     0.0110  0.0879891     29.842    31.8767    32.0016     0.6116     0.7955 -9.990e-29
       2936     30.123     9.9966     8.7042   3.503235   3.403065     0.6813     0.7334     0.0110  0.0879922     29.839    31.8788    32.0044     0.6202     0.8014 -9.990e-29
       2937     30.120     9.9721     8.6777   3.501327   3.401002     0.6819     0.7339     0.0110  0.0879959     29.836    31.8812    32.0068     0.6290     0.8072 -9.990e-29
       2938     30.117     9.9462     8.6521   3.499307   3.398966     0.6825     0.7344     0.0110  0.0880003     29.833    31.8836    32.0087     0.6379     0.8129 -9.990e-29
       2939     30.114     9.9193     8.6277   3.497183   3.396993     0.6831     0.7350     0.0110  0.0880052     29.830    31.8859    32.0102     0.6467     0.8187 -9.990e-29
       2940     30.110     9.8916     8.6049   3.494960   3.395113     0.6838     0.7357     0.0110  0.0880109     29.826    31.8878    32.0111     0.6559     0.8247 -9.990e-29
       2941     30.106     9.8631     8.5836   3.492644   3.393349     0.6845     0.7363     0.0110  0.0880172     29.822    31.8895    32.0120     0.6649     0.8302 -9.990e-29
       2942     30.102     9.8338     8.5644   3.490237   3.391711     0.6853     0.7370     0.0110  0.0880243     29.818    31.8910    32.0122     0.6741     0.8357 -9.990e-29
       2943     30.097     9.8036     8.5471   3.487742   3.390201     0.6861     0.7377     0.0108  0.0880322     29.813    31.8924    32.0121     0.6832     0.8410 -9.990e-29
       2944     30.092     9.7724     8.5319   3.485165   3.388807     0.6869     0.7384     0.0110  0.0880410     29.809    31.8939    32.0113     0.6923     0.8460 -9.990e-29
       2945     30.088     9.7401     8.5184   3.482508   3.387506     0.6878     0.7392     0.0110  0.0880507     29.805    31.8955    32.0099     0.7015     0.8512 -9.990e-29
       2946     30.083     9.7065     8.5066   3.479762   3.386286     0.6887     0.7400     0.0110  0.0880606     29.800    31.8973    32.0078     0.7106     0.8560 -9.990e-29
       2947     30.077     9.6716     8.4967   3.476922   3.385156     0.6897     0.7408     0.0110  0.0880698     29.794    31.8994    32.0049     0.7199     0.8605 -9.990e-29
       2948     30.072     9.6357     8.4885   3.473993   3.384142     0.6906     0.7416     0.0110  0.0880792     29.789    31.9014    32.0018     0.7287     0.8648 -9.990e-29
       2949     30.067     9.5990     8.4818   3.470986   3.383257     0.6916     0.7424     0.0108  0.0880899     29.784    31.9033    31.9985     0.7377     0.8688 -9.990e-29
       2950     30.061     9.5616     8.4759   3.467911   3.382476     0.6927     0.7433     0.0108  0.0881018     29.778    31.9052    31.9957     0.7468     0.8728 -9.990e-29
       2951     30.055     9.5240     8.4703   3.464784   3.381752     0.6937     0.7441     0.0108  0.0881151     29.772    31.9067    31.9932     0.7555     0.8763 -9.990e-29
       2952     30.049     9.4863     8.4645   3.461634   3.381040     0.6948     0.7450     0.0110  0.0881298     29.766    31.9080    31.9910     0.7642     0.8797 -9.990e-29
       2953     30.043     9.4491     8.4583   3.458507   3.380315     0.6959     0.7459     0.0110  0.0881452     29.760    31.9091    31.9890     0.7727     0.8829 -9.990e-29
       2954     30.036     9.4126     8.4518   3.455447   3.379571     0.6970     0.7467     0.0110  0.0881597     29.753    31.9103    31.9871     0.7809     0.8856 -9.990e-29
       2955     30.029     9.3770     8.4447   3.452486   3.378813     0.6981     0.7476     0.0110  0.0881726     29.746    31.9116    31.9856     0.7890     0.8882 -9.990e-29
       2956     30.022     9.3422     8.4370   3.449642   3.378032     0.6993     0.7484     0.0108  0.0881839     29.739    31.9135    31.9844     0.7970     0.8903 -9.990e-29
       2957     30.015     9.3087     8.4284   3.446925   3.377201     0.7005     0.7493     0.0110  0.0881937     29.732    31.9155    31.9834     0.8048     0.8925 -9.990e-29
       2958     30.008     9.2767     8.4188   3.444339   3.376290     0.7017     0.7501     0.0110  0.0882021     29.725    31.9175    31.9826     0.8122     0.8941 -9.990e-29
       2959     30.001     9.2463     8.4081   3.441888   3.375281     0.7029     0.7510     0.0110  0.0882091     29.718    31.9194    31.9817     0.8194     0.8958 -9.990e-29
       2960     29.993     9.2176     8.3964   3.439577   3.374183     0.7042     0.7518     0.0110  0.0882148     29.710    31.9213    31.9808     0.8266     0.8969 -9.990e-29
       2961     29.986     9.1907     8.3843   3.437408   3.373037     0.7054     0.7526     0.0110  0.0882193     29.704    31.9230    31.9797     0.8331     0.8978 -9.990e-29
       2962     29.978     9.1655     8.3721   3.435378   3.371892     0.7066     0.7534     0.0110  0.0882225     29.696    31.9246    31.9788     0.8392     0.8985 -9.990e-29
       2963     29.971     9.1418     8.3599   3.433480   3.370769     0.7079     0.7541     0.0110  0.0882246     29.689    31.9263    31.9780     0.8454     0.8985 -9.990e-29
       2964     29.963     9.1198     8.3475   3.431705   3.369656     0.7092     0.7549     0.0110  0.0882254     29.681    31.9277    31.9776     0.8513     0.8987 -9.990e-29
       2965     29.956     9.0993     8.3352   3.430059   3.368540     0.7104     0.7556     0.0110  0.0882250     29.674    31.9290    31.9770     0.8564     0.8983 -9.990e-29
       2966     29.948     9.0808     8.3233   3.428563   3.367428     0.7117     0.7563     0.0110  0.0882234     29.666    31.9302    31.9761     0.8615     0.8977 -9.990e-29
       2967     29.940     9.0647     8.3120   3.427254   3.366335     0.7130     0.7570     0.0108  0.0882207     29.658    31.9311    31.9749     0.8662     0.8969 -9.990e-29
       2968     29.932     9.0515     8.3011   3.426168   3.365277     0.7143     0.7577     0.0108  0.0882167     29.650    31.9317    31.9737     0.8705     0.8959 -9.990e-29
       2969     29.923     9.0414     8.2905   3.425332   3.364266     0.7155     0.7583     0.0110  0.0882114     29.641    31.9321    31.9726     0.8740     0.8944 -9.990e-29
       2970     29.915     9.0346     8.2805   3.424762   3.363309     0.7168     0.7589     0.0110  0.0882049     29.633    31.9323    31.9716     0.8775     0.8927 -9.990e-29
       2971     29.907     9.0313     8.2709   3.424467   3.362413     0.7181     0.7595     0.0108  0.0881970     29.625    31.9322    31.9709     0.8805     0.8909 -9.990e-29
       2972     29.898     9.0314     8.2621   3.424449   3.361587     0.7193     0.7600     0.0110  0.0881878     29.616    31.9320    31.9702     0.8829     0.8886 -9.990e-29
       2973     29.889     9.0350     8.2539   3.424706   3.360834     0.7206     0.7606     0.0110  0.0881771     29.607    31.9314    31.9698     0.8851     0.8865 -9.990e-29
       2974     29.880     9.0419     8.2465   3.425230   3.360155     0.7218     0.7611     0.0110  0.0881648     29.599    31.9306    31.9693     0.8866     0.8839 -9.990e-29
       2975     29.871     9.0520     8.2398   3.426007   3.359548     0.7230     0.7615     0.0110  0.0881509     29.590    31.9296    31.9690     0.8877     0.8810 -9.990e-29
       2976     29.862     9.0650     8.2341   3.427020   3.359016     0.7242     0.7619     0.0110  0.0881354     29.581    31.9284    31.9686     0.8884     0.8779 -9.990e-29
       2977     29.853     9.0807     8.2292   3.428255   3.358563     0.7254     0.7623     0.0110  0.0881180     29.572    31.9271    31.9683     0.8888     0.8748 -9.990e-29
       2978     29.844     9.0993     8.2254   3.429709   3.358194     0.7266     0.7627     0.0106  0.0880987     29.563    31.9255    31.9678     0.8888     0.8716 -9.990e-29
       2979     29.834     9.1211     8.2228   3.431398   3.357919     0.7278     0.7630     0.0101  0.0880781     29.553    31.9234    31.9673     0.8884     0.8681 -9.990e-29
       2980     29.825     9.1465     8.2213   3.433353   3.357743     0.7289     0.7633     0.0101  0.0880587     29.544    31.9208    31.9668     0.8873     0.8645 -9.990e-29
       2981     29.815     9.1754     8.2211   3.435606   3.357673     0.7300     0.7636     0.0099  0.0880430     29.534    31.9182    31.9663     0.8859     0.8608 -9.990e-29
       2982     29.805     9.2079     8.2223   3.438157   3.357715     0.7311     0.7638     0.0101  0.0880307     29.524    31.9154    31.9656     0.8842     0.8569 -9.990e-29
       2983     29.794     9.2432     8.2249   3.440974   3.357879     0.7322     0.7640     0.0101  0.0880201     29.513    31.9129    31.9650     0.8822     0.8530 -9.990e-29
