data/2021/ctd_data_day1/Station 3ex 210921_ctm.cnv
* Sea-Bird SBE 9 Data File:
* FileName = C:\Users\CTD-User\Desktop\MAR440\Station 3ex 210921.hex
* Software Version Seasave V 7.26.2.13
* Temperature SN = 6313
* Conductivity SN = 4758
* Number of Bytes Per Scan = 30
* Number of Voltage Words = 4
* Number of Scans Averaged by the Deck Unit = 1
* NMEA baud rate = 4800
** Ship:
** Station:
** Operator:
# nquan = 11
# nvalues = 3026                        
# units = specified
# name 0 = scan: Scan Count
# name 1 = prDM: Pressure, Digiquartz [db]
# name 2 = t090C: Temperature [ITS-90, deg C]
# name 3 = t190C: Temperature, 2 [ITS-90, deg C]
# name 4 = c0S/m: Conductivity [S/m]
# name 5 = c1S/m: Conductivity, 2 [S/m]
# name 6 = sbeox0V: Oxygen raw, SBE 43 [V]
# name 7 = sbeox1V: Oxygen raw, SBE 43, 2 [V]
# name 8 = flECO-AFL: Fluorescence, WET Labs ECO-AFL/FL [mg/m^3]
# name 9 = upoly0: Upoly 0, Turbidity
# name 10 = flag:  0.000e+00
# span 0 =          1,       3026       
# span 1 =      0.398,     13.226       
# span 2 =    11.9233,    16.1619       
# span 3 =    11.8952,    16.1632       
# span 4 =  -0.000846,   3.413321       
# span 5 =   0.068122,   3.412945       
# span 6 =     1.3393,     3.2662       
# span 7 =     1.3833,     3.1099       
# span 8 =     0.0035,     0.0441       
# span 9 =  0.0800940,  0.1890073       
# span 10 = 0.0000e+00, 0.0000e+00      
# interval = seconds: 0.0416667
# start_time = Sep 21 2021 12:03:19 [System UTC, header]
# bad_flag = -9.990e-29
*END*
[from data line 2886]
       2887     12.305    14.0774    14.2929   3.386451   3.381091     1.7166     1.7582     0.0037  0.0903504 0.0000e+00
       2888     12.346    14.0779    14.2635   3.386776   3.381732     1.7117     1.7557     0.0037  0.0903504 0.0000e+00
       2889     12.371    14.0784    14.2278   3.386759   3.382947     1.7093     1.7545     0.0038  0.0903504 0.0000e+00
       2890     12.371    14.0788    14.2144   3.386665   3.384007     1.7069     1.7521     0.0038  0.0903504 0.0000e+00
       2891     12.370    14.0764    14.1993   3.386689   3.384665     1.7069     1.7508     0.0038  0.0903504 0.0000e+00
       2892     12.412    14.0761    14.1929   3.386883   3.385201     1.7056     1.7484     0.0038  0.0903504 0.0000e+00
       2893     12.370    14.0766    14.2044   3.386987   3.385467     1.7020     1.7472     0.0038  0.0903504 0.0000e+00
       2894     12.428    14.0736    14.2013   3.386973   3.385791     1.7020     1.7447     0.0038  0.0903504 0.0000e+00
       2895     12.370    14.0663    14.1936   3.387117   3.386546     1.6983     1.7435     0.0038  0.0903504 0.0000e+00
       2896     12.412    14.0590    14.1949   3.387924   3.387249     1.6971     1.7423     0.0038  0.0903504 0.0000e+00
       2897     12.428    14.0484    14.1969   3.388706   3.387409     1.6959     1.7399     0.0038  0.0908388 0.0000e+00
       2898     12.428    14.0400    14.1937   3.389200   3.387342     1.6922     1.7374     0.0038  0.0903504 0.0000e+00
       2899     12.428    14.0324    14.1784   3.389826   3.387183     1.6922     1.7362     0.0038  0.0903504 0.0000e+00
       2900     12.469    14.0259    14.1544   3.389996   3.387473     1.6885     1.7350     0.0038  0.0903504 0.0000e+00
       2901     12.428    14.0247    14.1363   3.390192   3.388039     1.6885     1.7325     0.0038  0.0903504 0.0000e+00
       2902     12.494    14.0233    14.1191   3.390301   3.388487     1.6861     1.7313     0.0038  0.0903504 0.0000e+00
       2903     12.469    14.0150    14.0914   3.390128   3.388972     1.6824     1.7289     0.0038  0.0903504 0.0000e+00
       2904     12.494    14.0004    14.0796   3.390045   3.389494     1.6824     1.7264     0.0038  0.0903504 0.0000e+00
       2905     12.494    13.9920    14.0777   3.389988   3.389784     1.6788     1.7252     0.0038  0.0903504 0.0000e+00
       2906     12.494    13.9911    14.0693   3.390058   3.389928     1.6788     1.7228     0.0038  0.0903504 0.0000e+00
       2907     12.469    13.9980    14.0559   3.390082   3.390249     1.6751     1.7203     0.0038  0.0908388 0.0000e+00
       2908     12.551    14.0057    14.0499   3.390069   3.390443     1.6727     1.7191     0.0038  0.0903504 0.0000e+00
       2909     12.551    14.0092    14.0382   3.390138   3.390524     1.6702     1.7166     0.0038  0.0903504 0.0000e+00
       2910     12.494    13.9903    14.0226   3.390329   3.390692     1.6678     1.7142     0.0038  0.0903504 0.0000e+00
       2911     12.593    13.9460    14.0389   3.390710   3.390576     1.6678     1.7118     0.0038  0.0903504 0.0000e+00
       2912     12.494    13.8979    14.0683   3.391209   3.389923     1.6641     1.7105     0.0038  0.0903504 0.0000e+00
       2913     12.551    13.8665    14.0514   3.391571   3.389557     1.6605     1.7081     0.0038  0.0903504 0.0000e+00
       2914     12.609    13.8628    14.0119   3.391643   3.390082     1.6580     1.7057     0.0038  0.0903504 0.0000e+00
       2915     12.592    13.8669    13.9688   3.391473   3.390898     1.6580     1.7032     0.0040  0.0903504 0.0000e+00
       2916     12.551    13.8458    13.9471   3.391268   3.391464     1.6544     1.7008     0.0040  0.0903504 0.0000e+00
       2917     12.551    13.7828    13.9402   3.391678   3.391662     1.6531     1.6983     0.0040  0.0903504 0.0000e+00
       2918     12.609    13.7490    13.9192   3.392608   3.391789     1.6482     1.6959     0.0040  0.0903504 0.0000e+00
       2919     12.592    13.7626    13.8582   3.392941   3.391860     1.6458     1.6947     0.0040  0.0903504 0.0000e+00
       2920     12.675    13.7687    13.8354   3.392790   3.392262     1.6446     1.6922     0.0040  0.0903504 0.0000e+00
       2921     12.609    13.7443    13.8523   3.392732   3.392369     1.6434     1.6898     0.0040  0.0903504 0.0000e+00
       2922     12.650    13.6943    13.8618   3.393647   3.392096     1.6385     1.6873     0.0040  0.0903504 0.0000e+00
       2923     12.609    13.6254    13.8219   3.394513   3.392070     1.6348     1.6849     0.0040  0.0903504 0.0000e+00
       2924     12.675    13.5685    13.7778   3.395404   3.392771     1.6324     1.6825     0.0040  0.0903504 0.0000e+00
       2925     12.675    13.5250    13.7711   3.396459   3.393352     1.6324     1.6800     0.0040  0.0903504 0.0000e+00
       2926     12.650    13.4840    13.7845   3.397436   3.393124     1.6287     1.6776     0.0040  0.0903504 0.0000e+00
       2927     12.675    13.4485    13.7681   3.398668   3.393063     1.6250     1.6751     0.0040  0.0903504 0.0000e+00
       2928     12.732    13.4111    13.7649   3.399630   3.393478     1.6238     1.6727     0.0040  0.0903504 0.0000e+00
       2929     12.675    13.3712    13.7726   3.400253   3.393866     1.6189     1.6702     0.0040  0.0903504 0.0000e+00
       2930     12.716    13.3454    13.6967   3.400884   3.394814     1.6189     1.6678     0.0040  0.0903504 0.0000e+00
       2931     12.732    13.3306    13.6027   3.401673   3.397041     1.6153     1.6641     0.0040  0.0903504 0.0000e+00
       2932     12.674    13.3209    13.5900   3.402395   3.398683     1.6104     1.6629     0.0040  0.0903504 0.0000e+00
       2933     12.798    13.3133    13.6336   3.402881   3.398319     1.6080     1.6593     0.0040  0.0903504 0.0000e+00
       2934     12.716    13.3108    13.6455   3.402798   3.397529     1.6067     1.6568     0.0040  0.0903504 0.0000e+00
       2935     12.732    13.3127    13.5843   3.402656   3.397793     1.6055     1.6544     0.0040  0.0903504 0.0000e+00
       2936     12.798    13.3043    13.5291   3.402566   3.398985     1.6018     1.6519     0.0040  0.0903504 0.0000e+00
       2937     12.798    13.2893    13.4831   3.403012   3.400086     1.5970     1.6495     0.0040  0.0903504 0.0000e+00
       2938     12.773    13.2778    13.4406   3.403674   3.400908     1.5945     1.6458     0.0040  0.0903504 0.0000e+00
       2939     12.732    13.2702    13.4142   3.404113   3.401615     1.5921     1.6434     0.0040  0.0903504 0.0000e+00
       2940     12.798    13.2579    13.3886   3.404050   3.402256     1.5909     1.6409     0.0040  0.0903504 0.0000e+00
       2941     12.798    13.2524    13.3737   3.403921   3.402868     1.5872     1.6373     0.0040  0.0903504 0.0000e+00
       2942     12.839    13.2520    13.3826   3.403827   3.403020     1.5847     1.6348     0.0040  0.0903504 0.0000e+00
       2943     12.856    13.2482    13.3727   3.403833   3.402932     1.5811     1.6324     0.0040  0.0903504 0.0000e+00
       2944     12.798    13.2423    13.3385   3.404103   3.403287     1.5786     1.6287     0.0040  0.0903504 0.0000e+00
       2945     12.856    13.2365    13.3128   3.404461   3.403784     1.5774     1.6263     0.0040  0.0903504 0.0000e+00
       2946     12.839    13.2306    13.3027   3.404638   3.404146     1.5750     1.6238     0.0040  0.0903504 0.0000e+00
       2947     12.856    13.2246    13.2891   3.404721   3.404373     1.5701     1.6214     0.0040  0.0903504 0.0000e+00
       2948     12.856    13.2206    13.2731   3.404661   3.404666     1.5677     1.6177     0.0040  0.0903504 0.0000e+00
       2949     12.954    13.2157    13.2752   3.404731   3.404816     1.5664     1.6153     0.0040  0.0903504 0.0000e+00
       2950     12.856    13.2092    13.2936   3.404631   3.404537     1.5628     1.6129     0.0040  0.0903504 0.0000e+00
       2951     12.855    13.1964    13.3009   3.404706   3.404130     1.5591     1.6092     0.0040  0.0903504 0.0000e+00
       2952     12.921    13.1800    13.2905   3.404924   3.404161     1.5554     1.6068     0.0040  0.0903504 0.0000e+00
       2953     12.897    13.1665    13.2837   3.405026   3.404443     1.5530     1.6031     0.0040  0.0903504 0.0000e+00
       2954     12.921    13.1458    13.2679   3.405333   3.404568     1.5518     1.6006     0.0040  0.0903504 0.0000e+00
       2955     12.921    13.1199    13.2395   3.406000   3.404761     1.5481     1.5970     0.0040  0.0903504 0.0000e+00
       2956     12.921    13.0831    13.2213   3.407091   3.405127     1.5445     1.5945     0.0040  0.0903504 0.0000e+00
       2957     12.954    13.0530    13.2169   3.408488   3.405228     1.5408     1.5921     0.0040  0.0903504 0.0000e+00
       2958     12.979    13.0403    13.2285   3.409568   3.405136     1.5396     1.5884     0.0040  0.0903504 0.0000e+00
       2959     12.921    13.0310    13.2730   3.410264   3.404819     1.5383     1.5860     0.0040  0.0903504 0.0000e+00
       2960     12.979    13.0237    13.2782   3.410718   3.404397     1.5335     1.5823     0.0040  0.0903504 0.0000e+00
       2961     13.020    13.0145    13.2557   3.411141   3.404760     1.5310     1.5799     0.0040  0.0903504 0.0000e+00
       2962     12.979    13.0123    13.2503   3.411491   3.405439     1.5274     1.5762     0.0040  0.0903504 0.0000e+00
       2963     12.979    13.0089    13.2789   3.411779   3.405266     1.5261     1.5726     0.0040  0.0903504 0.0000e+00
       2964     13.036    13.0071    13.2627   3.411822   3.405084     1.5237     1.5701     0.0040  0.0903504 0.0000e+00
       2965     12.954    13.0051    13.2016   3.411922   3.406453     1.5213     1.5677     0.0040  0.0903504 0.0000e+00
       2966     13.036    13.0038    13.1609   3.411961   3.408436     1.5164     1.5640     0.0042  0.0908388 0.0000e+00
       2967     13.036    13.0021    13.1268   3.412067   3.409484     1.5139     1.5603     0.0042  0.0908388 0.0000e+00
       2968     13.036    13.0006    13.0915   3.412268   3.410337     1.5127     1.5579     0.0042  0.0908388 0.0000e+00
       2969     13.020    12.9974    13.0678   3.412265   3.411115     1.5115     1.5542     0.0042  0.0908388 0.0000e+00
       2970     13.102    12.9947    13.0607   3.412373   3.411437     1.5066     1.5518     0.0042  0.0908388 0.0000e+00
       2971     13.036    12.9934    13.0821   3.412528   3.411126     1.5029     1.5494     0.0042  0.0908388 0.0000e+00
       2972     13.102    12.9915    13.0824   3.412540   3.410600     1.4993     1.5457     0.0042  0.0908388 0.0000e+00
       2973     13.078    12.9894    13.0677   3.412563   3.410915     1.4981     1.5420     0.0042  0.0913272 0.0000e+00
       2974     13.036    12.9891    13.0826   3.412494   3.411148     1.4944     1.5384     0.0042  0.0908388 0.0000e+00
       2975     13.102    12.9881    13.1074   3.412416   3.410772     1.4919     1.5347     0.0042  0.0908388 0.0000e+00
       2976     13.102    12.9868    13.1076   3.412366   3.410620     1.4871     1.5323     0.0042  0.0908388 0.0000e+00
       2977     13.143    12.9859    13.0881   3.412358   3.411158     1.4834     1.5298     0.0042  0.0913272 0.0000e+00
       2978     13.102    12.9854    13.0703   3.412427   3.411598     1.4822     1.5262     0.0042  0.0908388 0.0000e+00
       2979     13.160    12.9846    13.0903   3.412629   3.411516     1.4785     1.5225     0.0042  0.0908388 0.0000e+00
       2980     13.160    12.9839    13.1293   3.412756   3.410641     1.4736     1.5201     0.0042  0.0908388 0.0000e+00
       2981     13.143    12.9832    13.1556   3.412847   3.409734     1.4712     1.5164     0.0042  0.0908388 0.0000e+00
       2982     13.160    12.9829    13.1297   3.412894   3.410003     1.4687     1.5127     0.0042  0.0908388 0.0000e+00
       2983     13.102    12.9825    13.0928   3.412852   3.410986     1.4663     1.5091     0.0042  0.0908388 0.0000e+00
       2984     13.160    12.9822    13.0795   3.412775   3.411760     1.4626     1.5066     0.0042  0.0908388 0.0000e+00
       2985     13.143    12.9815    13.0708   3.412714   3.412069     1.4578     1.5030     0.0042  0.0908388 0.0000e+00
       2986     13.160    12.9809    13.0596   3.412607   3.412419     1.4553     1.5005     0.0042  0.0908388 0.0000e+00
       2987     13.160    12.9792    13.0443   3.412613   3.412737     1.4529     1.4969     0.0042  0.0908388 0.0000e+00
       2988     13.102    12.9769    13.0340   3.412784   3.412929     1.4504     1.4932     0.0042  0.0908388 0.0000e+00
       2989     13.201    12.9760    13.0454   3.412786   3.412945     1.4455     1.4895     0.0042  0.0908388 0.0000e+00
       2990     13.226    12.9795    13.0848   3.412892   3.411764     1.4419     1.4859     0.0042  0.0908388 0.0000e+00
       2991     13.160    12.9803    13.0962   3.412936   3.411480     1.4382     1.4834     0.0042  0.0908388 0.0000e+00
       2992     13.226    12.9794    13.0854   3.412996   3.411848     1.4370     1.4798     0.0042  0.0903504 0.0000e+00
       2993     13.143    12.9804    13.0957   3.413045   3.412163     1.4346     1.4773     0.0042  0.0903504 0.0000e+00
       2994     13.226    12.9812    13.1099   3.412925   3.411928     1.4297     1.4737     0.0042  0.0903504 0.0000e+00
       2995     13.160    12.9785    13.1248   3.412908   3.411650     1.4260     1.4700     0.0042  0.0903504 0.0000e+00
       2996     13.160    12.9754    13.1322   3.412830   3.411418     1.4223     1.4663     0.0042  0.0903504 0.0000e+00
       2997     13.201    12.9736    13.1586   3.412775   3.411493     1.4211     1.4639     0.0042  0.0903504 0.0000e+00
       2998     13.160    12.9734    13.1748   3.412831   3.411293     1.4187     1.4602     0.0042  0.0903504 0.0000e+00
       2999     13.159    12.9732    13.1886   3.412969   3.411136     1.4138     1.4578     0.0042  0.0903504 0.0000e+00
       3000     13.102    12.9725    13.2261   3.413070   3.410872     1.4114     1.4541     0.0042  0.0903504 0.0000e+00
       3001     13.201    12.9724    13.3004   3.413066   3.410034     1.4089     1.4517     0.0042  0.0903504 0.0000e+00
       3002     13.225    12.9710    13.4506   3.413211   3.408661     1.4065     1.4480     0.0042  0.0903504 0.0000e+00
       3003     13.159    12.9683    13.5625   3.413321   3.405964     1.4028     1.4456     0.0042  0.0903504 0.0000e+00
       3004     13.159    12.9654    13.5914   3.413191   3.403939     1.3979     1.4419     0.0042  0.0903504 0.0000e+00
       3005     13.201    12.9630    13.6132   3.413278   3.403360     1.3955     1.4382     0.0042  0.0903504 0.0000e+00
       3006     13.225    12.9620    13.6038   3.413167   3.403623     1.3943     1.4358     0.0042  0.0903504 0.0000e+00
       3007     13.159    12.9620    13.5825   3.413095   3.403978     1.3918     1.4334     0.0042  0.0903504 0.0000e+00
       3008     13.159    12.9624    13.5754   3.413152   3.404025     1.3894     1.4297     0.0042  0.0903504 0.0000e+00
       3009     13.201    12.9632    13.5737   3.413036   3.403420     1.3833     1.4272     0.0042  0.0903504 0.0000e+00
       3010     13.159    12.9653    13.6127   3.413087   3.402308     1.3808     1.4236     0.0042  0.0903504 0.0000e+00
       3011     13.159    12.9680    13.6320   3.413263   3.401212     1.3784     1.4211     0.0042  0.0903504 0.0000e+00
       3012     13.159    12.9715    13.5980   3.413291   3.400458     1.3772     1.4187     0.0042  0.0903504 0.0000e+00
       3013     13.201    12.9747    13.5606   3.413200   3.399860     1.3735     1.4150     0.0042  0.0903504 0.0000e+00
       3014     13.159    12.9770    13.5500   3.413130   3.398852     1.3698     1.4126     0.0042  0.0903504 0.0000e+00
       3015     13.225    12.9784    13.5527   3.412903   3.397395     1.3662     1.4102     0.0042  0.0903504 0.0000e+00
       3016     13.159    12.9787    13.5402   3.412830   3.396444     1.3650     1.4077     0.0042  0.0903504 0.0000e+00
