data/2021/ctd_data_day1/Station 3 210921_ctm_fil_le_der.cnv
* Sea-Bird SBE 9 Data File:
* FileName = C:\Users\CTD-User\Desktop\MAR440\Station 3 210921.hex
* Software Version Seasave V 7.26.2.13
* Temperature SN = 6313
* Conductivity SN = 4758
* Number of Bytes Per Scan = 30
* Number of Voltage Words = 4
* Number of Scans Averaged by the Deck Unit = 1
* NMEA baud rate = 4800
** Ship:
** Station:
** Operator:
# nquan = 16                                
# nvalues = 5414                        
# units = specified
# name 0 = scan: Scan Count
# name 1 = prDM: Pressure, Digiquartz [db]
# name 2 = t090C: Temperature [ITS-90, deg C]
# name 3 = t190C: Temperature, 2 [ITS-90, deg C]
# name 4 = c0S/m: Conductivity [S/m]
# name 5 = c1S/m: Conductivity, 2 [S/m]
# name 6 = sbeox0V: Oxygen raw, SBE 43 [V]
# name 7 = sbeox1V: Oxygen raw, SBE 43, 2 [V]
# name 8 = flECO-AFL: Fluorescence, WET Labs ECO-AFL/FL [mg/m^3]
# name 9 = upoly0: Upoly 0, Turbidity
# name 10 = depSM: Depth [salt water, m], lat = 59
# name 11 = sal00: Salinity, Practical [PSU]
# name 12 = sal11: Salinity, Practical, 2 [PSU]
# name 13 = sbeox0ML/L: Oxygen, SBE 43 [ml/l], WS = 2
# name 14 = sbeox1ML/L: Oxygen, SBE 43, 2 [ml/l], WS = 2
# name 15 = flag: flag
# span 0 =          1,       5414       
# span 1 =      1.557,     20.473       
# span 2 =     8.0027,    16.1522       
# span 3 =     8.0029,    16.1543       
# span 4 =   2.929389,   3.478761       
# span 5 =   2.988908,   3.479888       
# span 6 =     0.4661,     2.8108       
# span 7 =     0.5272,     2.6596       
# span 8 =     0.0033,     0.0092       
# span 9 =  0.0887572,  0.1879272       
# span 10 =      1.542,     20.281      
# span 11 =    22.9290,    30.8805      
# span 12 =    23.2306,    30.8814      
# span 13 =    -0.1600,     6.8210      
# span 14 =     0.1557,     5.6113      
# span 15 = 0.0000e+00, 0.0000e+00      
# interval = seconds: 0.0416667
# start_time = Sep 21 2021 09:31:52 [System UTC, header]
# bad_flag = -9.990e-29
*END*
[from data line 4791]
       4792     19.924     8.0041     8.0032   3.234655   3.235552     0.4700     0.5350     0.0075  0.1506421     19.737    30.8657    30.8759    -0.1379     0.1754 -9.990e-29
       4793     19.925     8.0041     8.0032   3.234657   3.235550     0.4701     0.5349     0.0077  0.1506235     19.738    30.8657    30.8759    -0.1374     0.1752 -9.990e-29
       4794     19.925     8.0041     8.0032   3.234658   3.235548     0.4702     0.5349     0.0075  0.1506038     19.738    30.8657    30.8759    -0.1370     0.1753 -9.990e-29
       4795     19.925     8.0041     8.0032   3.234660   3.235545     0.4702     0.5349     0.0075  0.1505844     19.738    30.8657    30.8759    -0.1369     0.1754 -9.990e-29
       4796     19.925     8.0041     8.0032   3.234660   3.235543     0.4703     0.5349     0.0075  0.1505662     19.738    30.8657    30.8758    -0.1366     0.1755 -9.990e-29
       4797     19.926     8.0041     8.0032   3.234660   3.235541     0.4704     0.5348     0.0075  0.1505489     19.739    30.8657    30.8758    -0.1362     0.1753 -9.990e-29
       4798     19.926     8.0042     8.0033   3.234660   3.235539     0.4705     0.5348     0.0075  0.1505325     19.739    30.8656    30.8757    -0.1359     0.1754 -9.990e-29
       4799     19.926     8.0042     8.0033   3.234659   3.235538     0.4706     0.5348     0.0075  0.1505169     19.739    30.8656    30.8757    -0.1356     0.1755 -9.990e-29
       4800     19.926     8.0042     8.0033   3.234659   3.235537     0.4707     0.5348     0.0075  0.1505020     19.739    30.8656    30.8757    -0.1355     0.1756 -9.990e-29
       4801     19.927     8.0042     8.0033   3.234660   3.235536     0.4707     0.5348     0.0075  0.1504875     19.740    30.8656    30.8757    -0.1356     0.1757 -9.990e-29
       4802     19.927     8.0043     8.0033   3.234663   3.235535     0.4708     0.5347     0.0075  0.1504735     19.740    30.8656    30.8757    -0.1355     0.1755 -9.990e-29
       4803     19.928     8.0043     8.0033   3.234665   3.235535     0.4709     0.5347     0.0075  0.1504599     19.741    30.8656    30.8757    -0.1354     0.1756 -9.990e-29
       4804     19.929     8.0043     8.0033   3.234668   3.235535     0.4709     0.5347     0.0075  0.1504465     19.742    30.8656    30.8757    -0.1356     0.1758 -9.990e-29
       4805     19.929     8.0043     8.0033   3.234671   3.235535     0.4710     0.5347     0.0075  0.1504333     19.742    30.8656    30.8757    -0.1355     0.1759 -9.990e-29
       4806     19.929     8.0043     8.0033   3.234674   3.235535     0.4710     0.5347     0.0077  0.1504201     19.742    30.8657    30.8757    -0.1358     0.1760 -9.990e-29
       4807     19.929     8.0043     8.0034   3.234675   3.235535     0.4710     0.5347     0.0075  0.1504070     19.742    30.8657    30.8756    -0.1361     0.1761 -9.990e-29
       4808     19.930     8.0043     8.0034   3.234674   3.235536     0.4711     0.5346     0.0075  0.1503937     19.743    30.8657    30.8756    -0.1361     0.1759 -9.990e-29
       4809     19.930     8.0043     8.0034   3.234673   3.235536     0.4711     0.5346     0.0075  0.1503802     19.743    30.8657    30.8756    -0.1365     0.1760 -9.990e-29
       4810     19.930     8.0043     8.0034   3.234671   3.235537     0.4711     0.5346     0.0077  0.1503663     19.743    30.8656    30.8756    -0.1368     0.1760 -9.990e-29
       4811     19.930     8.0044     8.0034   3.234669   3.235537     0.4711     0.5346     0.0075  0.1503521     19.743    30.8655    30.8756    -0.1372     0.1760 -9.990e-29
       4812     19.930     8.0044     8.0034   3.234668   3.235538     0.4711     0.5346     0.0075  0.1503374     19.743    30.8655    30.8756    -0.1376     0.1761 -9.990e-29
       4813     19.930     8.0044     8.0034   3.234668   3.235538     0.4711     0.5346     0.0075  0.1503221     19.743    30.8655    30.8756    -0.1381     0.1761 -9.990e-29
       4814     19.930     8.0044     8.0034   3.234668   3.235538     0.4711     0.5346     0.0073  0.1503061     19.743    30.8655    30.8756    -0.1385     0.1762 -9.990e-29
       4815     19.930     8.0045     8.0034   3.234670   3.235539     0.4711     0.5346     0.0075  0.1502893     19.743    30.8655    30.8756    -0.1390     0.1762 -9.990e-29
       4816     19.931     8.0045     8.0035   3.234672   3.235539     0.4712     0.5346     0.0073  0.1502715     19.744    30.8655    30.8755    -0.1391     0.1762 -9.990e-29
       4817     19.931     8.0046     8.0035   3.234673   3.235540     0.4712     0.5345     0.0075  0.1502527     19.744    30.8654    30.8755    -0.1396     0.1759 -9.990e-29
       4818     19.931     8.0047     8.0035   3.234674   3.235540     0.4712     0.5345     0.0075  0.1502327     19.744    30.8653    30.8755    -0.1400     0.1759 -9.990e-29
       4819     19.931     8.0047     8.0035   3.234674   3.235541     0.4712     0.5345     0.0075  0.1502113     19.744    30.8653    30.8755    -0.1405     0.1759 -9.990e-29
       4820     19.931     8.0048     8.0035   3.234674   3.235542     0.4712     0.5345     0.0075  0.1501894     19.744    30.8652    30.8756    -0.1410     0.1759 -9.990e-29
       4821     19.931     8.0048     8.0035   3.234673   3.235543     0.4712     0.5345     0.0075  0.1501683     19.744    30.8652    30.8756    -0.1414     0.1758 -9.990e-29
       4822     19.931     8.0048     8.0035   3.234672   3.235544     0.4712     0.5345     0.0075  0.1501489     19.744    30.8652    30.8756    -0.1418     0.1758 -9.990e-29
       4823     19.931     8.0049     8.0035   3.234672   3.235545     0.4712     0.5344     0.0075  0.1501309     19.744    30.8651    30.8756    -0.1421     0.1754 -9.990e-29
       4824     19.931     8.0049     8.0035   3.234672   3.235546     0.4711     0.5344     0.0075  0.1501143     19.744    30.8651    30.8756    -0.1428     0.1754 -9.990e-29
       4825     19.931     8.0049     8.0035   3.234673   3.235547     0.4711     0.5344     0.0075  0.1500990     19.744    30.8651    30.8756    -0.1431     0.1754 -9.990e-29
       4826     19.931     8.0049     8.0035   3.234675   3.235548     0.4711     0.5344     0.0075  0.1500848     19.744    30.8652    30.8756    -0.1434     0.1753 -9.990e-29
       4827     19.932     8.0048     8.0036   3.234676   3.235549     0.4711     0.5344     0.0075  0.1500716     19.745    30.8653    30.8755    -0.1436     0.1752 -9.990e-29
       4828     19.932     8.0048     8.0036   3.234678   3.235549     0.4711     0.5344     0.0075  0.1500594     19.745    30.8653    30.8755    -0.1438     0.1752 -9.990e-29
       4829     19.932     8.0047     8.0036   3.234680   3.235549     0.4711     0.5344     0.0075  0.1500481     19.745    30.8654    30.8755    -0.1440     0.1751 -9.990e-29
       4830     19.932     8.0047     8.0036   3.234680   3.235550     0.4711     0.5343     0.0075  0.1500375     19.745    30.8654    30.8756    -0.1442     0.1747 -9.990e-29
       4831     19.933     8.0046     8.0036   3.234680   3.235550     0.4711     0.5343     0.0075  0.1500276     19.746    30.8655    30.8756    -0.1443     0.1747 -9.990e-29
       4832     19.933     8.0046     8.0036   3.234679   3.235550     0.4711     0.5343     0.0075  0.1500184     19.746    30.8655    30.8756    -0.1445     0.1746 -9.990e-29
       4833     19.933     8.0045     8.0036   3.234678   3.235550     0.4711     0.5343     0.0075  0.1500098     19.746    30.8655    30.8756    -0.1446     0.1745 -9.990e-29
       4834     19.933     8.0045     8.0036   3.234676   3.235550     0.4711     0.5342     0.0075  0.1500017     19.746    30.8655    30.8756    -0.1447     0.1741 -9.990e-29
       4835     19.933     8.0044     8.0036   3.234675   3.235549     0.4711     0.5342     0.0075  0.1499940     19.746    30.8656    30.8755    -0.1448     0.1741 -9.990e-29
       4836     19.933     8.0044     8.0036   3.234674   3.235549     0.4711     0.5342     0.0075  0.1499868     19.746    30.8656    30.8755    -0.1449     0.1740 -9.990e-29
       4837     19.934     8.0043     8.0036   3.234674   3.235548     0.4710     0.5342     0.0075  0.1499799     19.747    30.8657    30.8755    -0.1454     0.1740 -9.990e-29
       4838     19.934     8.0043     8.0036   3.234674   3.235548     0.4710     0.5342     0.0075  0.1499733     19.747    30.8657    30.8755    -0.1455     0.1739 -9.990e-29
       4839     19.934     8.0042     8.0036   3.234674   3.235547     0.4710     0.5341     0.0075  0.1499670     19.747    30.8658    30.8755    -0.1456     0.1736 -9.990e-29
       4840     19.934     8.0042     8.0036   3.234674   3.235546     0.4710     0.5341     0.0077  0.1499609     19.747    30.8658    30.8755    -0.1457     0.1736 -9.990e-29
       4841     19.934     8.0042     8.0037   3.234673   3.235545     0.4710     0.5341     0.0075  0.1499550     19.747    30.8658    30.8754    -0.1458     0.1736 -9.990e-29
       4842     19.934     8.0042     8.0037   3.234671   3.235545     0.4710     0.5341     0.0075  0.1499493     19.747    30.8657    30.8754    -0.1458     0.1735 -9.990e-29
       4843     19.935     8.0042     8.0037   3.234669   3.235544     0.4709     0.5340     0.0075  0.1499436     19.748    30.8657    30.8754    -0.1462     0.1732 -9.990e-29
       4844     19.935     8.0041     8.0037   3.234666   3.235544     0.4709     0.5340     0.0075  0.1499380     19.748    30.8658    30.8754    -0.1462     0.1732 -9.990e-29
       4845     19.935     8.0041     8.0037   3.234663   3.235544     0.4709     0.5340     0.0073  0.1499324     19.748    30.8657    30.8754    -0.1462     0.1733 -9.990e-29
       4846     19.935     8.0041     8.0037   3.234660   3.235544     0.4709     0.5339     0.0073  0.1499267     19.748    30.8657    30.8754    -0.1462     0.1730 -9.990e-29
       4847     19.935     8.0041     8.0037   3.234657   3.235544     0.4709     0.5339     0.0073  0.1499211     19.748    30.8657    30.8754    -0.1463     0.1731 -9.990e-29
       4848     19.935     8.0041     8.0037   3.234655   3.235544     0.4709     0.5339     0.0073  0.1499153     19.748    30.8657    30.8754    -0.1463     0.1731 -9.990e-29
       4849     19.935     8.0041     8.0037   3.234654   3.235544     0.4708     0.5339     0.0073  0.1499094     19.748    30.8656    30.8754    -0.1467     0.1731 -9.990e-29
       4850     19.936     8.0041     8.0037   3.234652   3.235545     0.4708     0.5338     0.0073  0.1499033     19.749    30.8656    30.8754    -0.1467     0.1728 -9.990e-29
       4851     19.936     8.0042     8.0037   3.234651   3.235545     0.4708     0.5338     0.0073  0.1498969     19.749    30.8655    30.8754    -0.1467     0.1729 -9.990e-29
       4852     19.936     8.0042     8.0037   3.234650   3.235545     0.4708     0.5338     0.0073  0.1498903     19.749    30.8655    30.8754    -0.1468     0.1729 -9.990e-29
       4853     19.936     8.0042     8.0037   3.234648   3.235546     0.4708     0.5337     0.0073  0.1498834     19.749    30.8655    30.8754    -0.1468     0.1727 -9.990e-29
       4854     19.936     8.0042     8.0037   3.234645   3.235546     0.4708     0.5337     0.0073  0.1498762     19.749    30.8655    30.8754    -0.1467     0.1728 -9.990e-29
       4855     19.936     8.0042     8.0037   3.234642   3.235546     0.4708     0.5337     0.0073  0.1498685     19.749    30.8654    30.8754    -0.1467     0.1729 -9.990e-29
       4856     19.936     8.0042     8.0037   3.234639   3.235546     0.4708     0.5337     0.0073  0.1498604     19.749    30.8654    30.8754    -0.1467     0.1729 -9.990e-29
       4857     19.937     8.0042     8.0037   3.234636   3.235546     0.4707     0.5336     0.0073  0.1498517     19.750    30.8654    30.8754    -0.1470     0.1727 -9.990e-29
       4858     19.937     8.0042     8.0037   3.234634   3.235546     0.4707     0.5336     0.0073  0.1498425     19.750    30.8653    30.8754    -0.1470     0.1729 -9.990e-29
       4859     19.937     8.0042     8.0037   3.234631   3.235546     0.4707     0.5336     0.0073  0.1498326     19.750    30.8653    30.8754    -0.1469     0.1729 -9.990e-29
       4860     19.938     8.0042     8.0037   3.234630   3.235546     0.4707     0.5336     0.0073  0.1498220     19.751    30.8653    30.8754    -0.1469     0.1730 -9.990e-29
       4861     19.938     8.0042     8.0037   3.234628   3.235546     0.4707     0.5336     0.0073  0.1498106     19.751    30.8653    30.8754    -0.1468     0.1731 -9.990e-29
       4862     19.938     8.0041     8.0037   3.234627   3.235546     0.4707     0.5335     0.0073  0.1497992     19.751    30.8654    30.8754    -0.1469     0.1729 -9.990e-29
       4863     19.938     8.0041     8.0037   3.234624   3.235546     0.4706     0.5335     0.0073  0.1497885     19.751    30.8653    30.8754    -0.1472     0.1730 -9.990e-29
       4864     19.938     8.0041     8.0037   3.234622   3.235546     0.4706     0.5335     0.0073  0.1497777     19.751    30.8653    30.8754    -0.1472     0.1731 -9.990e-29
       4865     19.938     8.0041     8.0037   3.234619   3.235545     0.4706     0.5335     0.0073  0.1497658     19.751    30.8653    30.8754    -0.1473     0.1732 -9.990e-29
       4866     19.938     8.0041     8.0037   3.234615   3.235546     0.4706     0.5335     0.0073  0.1497527     19.751    30.8652    30.8754    -0.1473     0.1733 -9.990e-29
       4867     19.938     8.0041     8.0037   3.234611   3.235546     0.4706     0.5335     0.0073  0.1497383     19.751    30.8652    30.8754    -0.1473     0.1734 -9.990e-29
       4868     19.938     8.0041     8.0037   3.234608   3.235546     0.4706     0.5335     0.0073  0.1497226     19.751    30.8652    30.8754    -0.1473     0.1735 -9.990e-29
       4869     19.938     8.0041     8.0038   3.234605   3.235545     0.4706     0.5335     0.0073  0.1497053     19.751    30.8651    30.8753    -0.1474     0.1736 -9.990e-29
       4870     19.938     8.0041     8.0038   3.234603   3.235545     0.4705     0.5335     0.0073  0.1496865     19.751    30.8651    30.8753    -0.1478     0.1737 -9.990e-29
       4871     19.938     8.0041     8.0038   3.234602   3.235545     0.4705     0.5335     0.0071  0.1496668     19.751    30.8651    30.8753    -0.1479     0.1738 -9.990e-29
       4872     19.938     8.0041     8.0038   3.234602   3.235545     0.4705     0.5334     0.0071  0.1496478     19.751    30.8651    30.8753    -0.1479     0.1736 -9.990e-29
       4873     19.938     8.0042     8.0038   3.234602   3.235545     0.4705     0.5334     0.0071  0.1496302     19.751    30.8650    30.8753    -0.1479     0.1736 -9.990e-29
       4874     19.938     8.0042     8.0038   3.234602   3.235545     0.4705     0.5334     0.0071  0.1496138     19.751    30.8650    30.8753    -0.1480     0.1737 -9.990e-29
       4875     19.938     8.0042     8.0038   3.234602   3.235545     0.4705     0.5334     0.0071  0.1495986     19.751    30.8650    30.8753    -0.1481     0.1737 -9.990e-29
       4876     19.938     8.0042     8.0038   3.234601   3.235545     0.4705     0.5334     0.0071  0.1495845     19.751    30.8650    30.8753    -0.1481     0.1738 -9.990e-29
       4877     19.938     8.0042     8.0038   3.234600   3.235545     0.4705     0.5334     0.0071  0.1495713     19.751    30.8650    30.8753    -0.1482     0.1738 -9.990e-29
       4878     19.938     8.0042     8.0038   3.234598   3.235545     0.4705     0.5334     0.0071  0.1495590     19.751    30.8650    30.8753    -0.1482     0.1739 -9.990e-29
       4879     19.938     8.0043     8.0038   3.234597   3.235546     0.4705     0.5334     0.0071  0.1495475     19.751    30.8649    30.8753    -0.1482     0.1739 -9.990e-29
       4880     19.938     8.0043     8.0038   3.234594   3.235546     0.4705     0.5334     0.0071  0.1495366     19.751    30.8648    30.8753    -0.1482     0.1739 -9.990e-29
       4881     19.938     8.0043     8.0038   3.234592   3.235547     0.4705     0.5334     0.0071  0.1495264     19.751    30.8648    30.8753    -0.1482     0.1739 -9.990e-29
