data/2021/ctd_data_day1/Station 2 210921_ctm.cnv
* Sea-Bird SBE 9 Data File:
* FileName = C:\Users\CTD-User\Desktop\MAR440\Station 2 210921.hex
* Software Version Seasave V 7.26.2.13
* Temperature SN = 6313
* Conductivity SN = 4758
* Number of Bytes Per Scan = 30
* Number of Voltage Words = 4
* Number of Scans Averaged by the Deck Unit = 1
* NMEA baud rate = 4800
** Ship:
** Station:
** Operator:
# nquan = 11
# nvalues = 6110                        
# units = specified
# name 0 = scan: Scan Count
# name 1 = prDM: Pressure, Digiquartz [db]
# name 2 = t090C: Temperature [ITS-90, deg C]
# name 3 = t190C: Temperature, 2 [ITS-90, deg C]
# name 4 = c0S/m: Conductivity [S/m]
# name 5 = c1S/m: Conductivity, 2 [S/m]
# name 6 = sbeox0V: Oxygen raw, SBE 43 [V]
# name 7 = sbeox1V: Oxygen raw, SBE 43, 2 [V]
# name 8 = flECO-AFL: Fluorescence, WET Labs ECO-AFL/FL [mg/m^3]
# name 9 = upoly0: Upoly 0, Turbidity
# name 10 = flag:  0.000e+00
# span 0 =          1,       6110       
# span 1 =      0.157,     43.455       
# span 2 =     7.9730,    16.1801       
# span 3 =     7.9712,    16.1835       
# span 4 =  -0.001126,   3.495104       
# span 5 =   0.107799,   3.496217       
# span 6 =     0.4711,     3.0415       
# span 7 =     0.5273,     2.8535       
# span 8 =     0.0033,     0.0408       
# span 9 =  0.0805824,  0.2358938       
# span 10 = 0.0000e+00, 0.0000e+00      
# interval = seconds: 0.0416667
# start_time = Sep 21 2021 09:07:42 [System UTC, header]
# bad_flag = -9.990e-29
*END*
[from data line 4066]
       4067      4.272    14.6579    14.7144   2.878254   2.892023     2.9035     2.8254     0.0062  0.2002405 0.0000e+00
       4068      4.371    14.6588    14.7036   2.878343   2.890388     2.9047     2.8254     0.0062  0.2002405 0.0000e+00
       4069      4.330    14.6584    14.6982   2.878251   2.888596     2.9047     2.8254     0.0062  0.2002405 0.0000e+00
       4070      4.371    14.6574    14.6840   2.878272   2.886851     2.9047     2.8266     0.0062  0.2002405 0.0000e+00
       4071      4.330    14.6641    14.6771   2.878629   2.885136     2.9047     2.8266     0.0062  0.2002405 0.0000e+00
       4072      4.429    14.6670    14.6734   2.879551   2.883708     2.9060     2.8266     0.0062  0.2002405 0.0000e+00
       4073      4.453    14.6663    14.6673   2.879753   2.882649     2.9072     2.8266     0.0062  0.2002405 0.0000e+00
       4074      4.453    14.6802    14.6582   2.880371   2.881461     2.9072     2.8278     0.0062  0.2002405 0.0000e+00
       4075      4.486    14.6906    14.6583   2.881971   2.880282     2.9060     2.8278     0.0062  0.2002405 0.0000e+00
       4076      4.453    14.7027    14.6604   2.884031   2.880022     2.9084     2.8291     0.0062  0.2002405 0.0000e+00
       4077      4.552    14.7127    14.6599   2.886100   2.879969     2.9084     2.8278     0.0060  0.2002405 0.0000e+00
       4078      4.519    14.7187    14.6754   2.887185   2.880333     2.9084     2.8291     0.0062  0.2002405 0.0000e+00
       4079      4.552    14.7250    14.6889   2.887660   2.881830     2.9084     2.8291     0.0062  0.2002405 0.0000e+00
       4080      4.577    14.7262    14.6899   2.887793   2.883061     2.9084     2.8291     0.0062  0.2002405 0.0000e+00
       4081      4.635    14.7141    14.6972   2.886746   2.883378     2.9084     2.8303     0.0062  0.2002405 0.0000e+00
       4082      4.610    14.6969    14.7021   2.884501   2.883792     2.9109     2.8303     0.0062  0.2002405 0.0000e+00
       4083      4.635    14.6843    14.6945   2.882623   2.883911     2.9096     2.8303     0.0062  0.2002405 0.0000e+00
       4084      4.734    14.6859    14.6897   2.881867   2.883273     2.9096     2.8303     0.0062  0.2002405 0.0000e+00
       4085      4.635    14.6904    14.6889   2.882434   2.882840     2.9096     2.8303     0.0062  0.2002405 0.0000e+00
       4086      4.758    14.6886    14.6871   2.883057   2.882904     2.9109     2.8315     0.0062  0.2002405 0.0000e+00
       4087      4.734    14.6844    14.6837   2.882551   2.882861     2.9121     2.8315     0.0062  0.2002405 0.0000e+00
       4088      4.758    14.6837    14.6751   2.881847   2.882414     2.9133     2.8315     0.0062  0.2002405 0.0000e+00
       4089      4.800    14.6856    14.6660   2.881622   2.881533     2.9133     2.8315     0.0062  0.2002405 0.0000e+00
       4090      4.758    14.7026    14.6790   2.882394   2.881078     2.9133     2.8315     0.0062  0.2002405 0.0000e+00
       4091      4.857    14.7113    14.6970   2.883768   2.882111     2.9133     2.8315     0.0059  0.1919377 0.0000e+00
       4092      4.824    14.7164    14.7296   2.885206   2.884939     2.9133     2.8327     0.0055  0.1841233 0.0000e+00
       4093      4.882    14.7267    14.7501   2.886996   2.889613     2.9133     2.8327     0.0055  0.1826581 0.0000e+00
       4094      4.915    14.7522    14.8454   2.889731   2.894550     2.9133     2.8327     0.0055  0.1831465 0.0000e+00
       4095      4.882    14.8615    15.0206   2.898248   2.904285     2.9121     2.8327     0.0055  0.1836349 0.0000e+00
       4096      4.981    15.0113    15.1676   2.916836   2.920911     2.9133     2.8327     0.0055  0.1836349 0.0000e+00
       4097      4.948    15.1465    15.2677   2.939138   2.939480     2.9145     2.8327     0.0055  0.1831465 0.0000e+00
       4098      5.006    15.2794    15.3438   2.957638   2.954891     2.9145     2.8327     0.0055  0.1836349 0.0000e+00
       4099      4.981    15.3742    15.4027   2.972437   2.968269     2.9133     2.8327     0.0053  0.1836349 0.0000e+00
       4100      5.006    15.4318    15.4503   2.985312   2.980453     2.9145     2.8327     0.0055  0.1836349 0.0000e+00
       4101      5.105    15.4784    15.5091   2.995420   2.991046     2.9157     2.8327     0.0055  0.1836349 0.0000e+00
       4102      5.063    15.5312    15.5605   3.003179   2.999622     2.9157     2.8327     0.0055  0.1836349 0.0000e+00
       4103      5.039    15.5849    15.5986   3.009948   3.006739     2.9157     2.8327     0.0055  0.1836349 0.0000e+00
       4104      5.129    15.6230    15.6397   3.016645   3.013138     2.9157     2.8327     0.0055  0.1831465 0.0000e+00
       4105      5.187    15.6548    15.6695   3.023255   3.019151     2.9157     2.8327     0.0055  0.1836349 0.0000e+00
       4106      5.105    15.6877    15.7141   3.029534   3.026127     2.9182     2.8327     0.0053  0.1836349 0.0000e+00
       4107      5.187    15.7310    15.7596   3.036020   3.033485     2.9182     2.8327     0.0055  0.1836349 0.0000e+00
       4108      5.220    15.7763    15.7935   3.042356   3.040634     2.9157     2.8315     0.0055  0.1836349 0.0000e+00
       4109      5.253    15.8070    15.8177   3.048584   3.046995     2.9157     2.8327     0.0055  0.1836349 0.0000e+00
       4110      5.187    15.8211    15.8427   3.053796   3.052448     2.9182     2.8315     0.0055  0.1836349 0.0000e+00
       4111      5.344    15.8352    15.8630   3.057851   3.056700     2.9182     2.8327     0.0055  0.1836349 0.0000e+00
       4112      5.253    15.8546    15.8775   3.061257   3.060451     2.9182     2.8327     0.0055  0.1836349 0.0000e+00
       4113      5.286    15.8752    15.8916   3.064642   3.063898     2.9157     2.8327     0.0055  0.1836349 0.0000e+00
       4114      5.368    15.8926    15.9066   3.068065   3.067150     2.9157     2.8315     0.0055  0.1836349 0.0000e+00
       4115      5.368    15.9096    15.9213   3.071482   3.070358     2.9170     2.8327     0.0055  0.1836349 0.0000e+00
       4116      5.410    15.9233    15.9372   3.074715   3.073722     2.9182     2.8327     0.0055  0.1792393 0.0000e+00
       4117      5.368    15.9308    15.9519   3.077353   3.076467     2.9170     2.8327     0.0051  0.1621453 0.0000e+00
       4118      5.410    15.9395    15.9619   3.079560   3.078787     2.9182     2.8327     0.0049  0.1553077 0.0000e+00
       4119      5.492    15.9496    15.9666   3.081258   3.080847     2.9182     2.8339     0.0049  0.1553077 0.0000e+00
       4120      5.434    15.9583    15.9733   3.083102   3.082794     2.9206     2.8339     0.0049  0.1557961 0.0000e+00
       4121      5.533    15.9658    15.9794   3.084679   3.084463     2.9206     2.8352     0.0049  0.1562845 0.0000e+00
       4122      5.492    15.9712    15.9856   3.086011   3.086071     2.9206     2.8364     0.0049  0.1562845 0.0000e+00
       4123      5.533    15.9763    15.9902   3.087030   3.087402     2.9231     2.8376     0.0049  0.1557961 0.0000e+00
       4124      5.558    15.9813    15.9944   3.088244   3.088516     2.9231     2.8388     0.0049  0.1562845 0.0000e+00
       4125      5.558    15.9868    15.9972   3.089040   3.089602     2.9243     2.8401     0.0049  0.1557961 0.0000e+00
       4126      5.649    15.9885    15.9997   3.089760   3.090548     2.9255     2.8401     0.0049  0.1562845 0.0000e+00
       4127      5.616    15.9904    16.0015   3.090402   3.091165     2.9255     2.8425     0.0049  0.1562845 0.0000e+00
       4128      5.649    15.9940    16.0041   3.090849   3.091819     2.9267     2.8437     0.0049  0.1562845 0.0000e+00
       4129      5.682    15.9954    16.0055   3.091214   3.092297     2.9279     2.8449     0.0049  0.1557961 0.0000e+00
       4130      5.682    15.9954    16.0061   3.091513   3.092620     2.9328     2.8462     0.0049  0.1557961 0.0000e+00
       4131      5.715    15.9954    16.0062   3.091610   3.092954     2.9316     2.8462     0.0049  0.1557961 0.0000e+00
       4132      5.739    15.9959    16.0065   3.091809   3.093344     2.9316     2.8474     0.0049  0.1557961 0.0000e+00
       4133      5.772    15.9973    16.0065   3.092086   3.093600     2.9328     2.8486     0.0049  0.1557961 0.0000e+00
       4134      5.797    15.9969    16.0055   3.091862   3.093503     2.9341     2.8498     0.0049  0.1562845 0.0000e+00
       4135      5.797    15.9964    16.0038   3.091688   3.093327     2.9365     2.8498     0.0049  0.1562845 0.0000e+00
       4136      5.838    15.9955    16.0026   3.091467   3.093029     2.9377     2.8510     0.0049  0.1557961 0.0000e+00
       4137      5.797    15.9939    16.0020   3.090808   3.092823     2.9365     2.8535     0.0049  0.1557961 0.0000e+00
       4138      5.896    15.9928    16.0002   3.090318   3.092591     2.9377     2.8523     0.0049  0.1562845 0.0000e+00
       4139      5.863    15.9925    15.9974   3.090117   3.092077     2.9389     2.8510     0.0049  0.1557961 0.0000e+00
       4140      5.921    15.9923    15.9932   3.089939   3.091348     2.9402     2.8535     0.0049  0.1562845 0.0000e+00
       4141      5.962    15.9929    15.9913   3.090012   3.090517     2.9402     2.8535     0.0049  0.1562845 0.0000e+00
       4142      5.921    15.9927    15.9910   3.090076   3.090036     2.9389     2.8535     0.0051  0.1484701 0.0000e+00
       4143      6.020    15.9903    15.9916   3.089486   3.090019     2.9389     2.8535     0.0051  0.1411441 0.0000e+00
       4144      5.987    15.9864    15.9897   3.088661   3.090025     2.9402     2.8535     0.0051  0.1391905 0.0000e+00
       4145      6.044    15.9830    15.9856   3.087580   3.089590     2.9402     2.8510     0.0051  0.1396789 0.0000e+00
       4146      6.020    15.9816    15.9827   3.086861   3.088739     2.9389     2.8498     0.0051  0.1401673 0.0000e+00
       4147      6.044    15.9816    15.9815   3.086624   3.088017     2.9377     2.8498     0.0051  0.1401673 0.0000e+00
       4148      6.143    15.9821    15.9822   3.086640   3.087691     2.9377     2.8474     0.0051  0.1401673 0.0000e+00
       4149      6.102    15.9840    15.9829   3.086887   3.087647     2.9377     2.8462     0.0051  0.1401673 0.0000e+00
       4150      6.102    15.9850    15.9851   3.087074   3.087902     2.9365     2.8437     0.0051  0.1401673 0.0000e+00
       4151      6.143    15.9858    15.9860   3.087299   3.088142     2.9353     2.8413     0.0051  0.1401673 0.0000e+00
       4152      6.168    15.9864    15.9863   3.087389   3.088284     2.9328     2.8388     0.0051  0.1401673 0.0000e+00
       4153      6.226    15.9869    15.9851   3.087742   3.088283     2.9316     2.8364     0.0051  0.1396789 0.0000e+00
       4154      6.201    15.9869    15.9842   3.087982   3.088189     2.9316     2.8339     0.0051  0.1401673 0.0000e+00
       4155      6.292    15.9869    15.9830   3.088065   3.088011     2.9292     2.8315     0.0051  0.1401673 0.0000e+00
       4156      6.267    15.9880    15.9808   3.088376   3.087752     2.9279     2.8291     0.0051  0.1401673 0.0000e+00
       4157      6.226    15.9887    15.9786   3.088410   3.087298     2.9231     2.8254     0.0051  0.1396789 0.0000e+00
       4158      6.349    15.9887    15.9761   3.088482   3.086810     2.9206     2.8230     0.0051  0.1401673 0.0000e+00
       4159      6.325    15.9872    15.9741   3.088285   3.086309     2.9194     2.8193     0.0051  0.1401673 0.0000e+00
       4160      6.349    15.9844    15.9723   3.087606   3.085913     2.9182     2.8156     0.0051  0.1401673 0.0000e+00
       4161      6.382    15.9814    15.9708   3.087049   3.085440     2.9133     2.8120     0.0051  0.1401673 0.0000e+00
       4162      6.349    15.9791    15.9699   3.086289   3.085175     2.9096     2.8083     0.0051  0.1401673 0.0000e+00
       4163      6.473    15.9763    15.9684   3.085802   3.084942     2.9084     2.8046     0.0051  0.1401673 0.0000e+00
       4164      6.382    15.9743    15.9652   3.085155   3.084469     2.9047     2.7998     0.0051  0.1401673 0.0000e+00
       4165      6.473    15.9722    15.9637   3.084703   3.083981     2.9011     2.7961     0.0051  0.1401673 0.0000e+00
       4166      6.473    15.9699    15.9656   3.084111   3.083839     2.8986     2.7924     0.0051  0.1401673 0.0000e+00
       4167      6.506    15.9668    15.9714   3.083578   3.084281     2.8938     2.7888     0.0051  0.1401673 0.0000e+00
       4168      6.531    15.9653    15.9802   3.082951   3.085384     2.8901     2.7851     0.0049  0.1401673 0.0000e+00
       4169      6.572    15.9682    15.9899   3.083338   3.087061     2.8864     2.7802     0.0048  0.1401673 0.0000e+00
       4170      6.531    15.9741    15.9973   3.084341   3.089001     2.8840     2.7766     0.0048  0.1396789 0.0000e+00
       4171      6.597    15.9811    16.0021   3.086106   3.090537     2.8791     2.7729     0.0048  0.1401673 0.0000e+00
       4172      6.630    15.9907    16.0056   3.088216   3.091776     2.8742     2.7680     0.0048  0.1401673 0.0000e+00
       4173      6.654    15.9978    16.0086   3.090492   3.092901     2.8742     2.7643     0.0048  0.1401673 0.0000e+00
       4174      6.696    16.0051    16.0125   3.092439   3.093963     2.8681     2.7607     0.0048  0.1401673 0.0000e+00
       4175      6.654    16.0109    16.0159   3.093723   3.094879     2.8645     2.7570     0.0048  0.1401673 0.0000e+00
       4176      6.654    16.0183    16.0202   3.094929   3.095899     2.8596     2.7521     0.0048  0.1401673 0.0000e+00
       4177      6.753    16.0262    16.0251   3.096362   3.096966     2.8547     2.7485     0.0048  0.1396789 0.0000e+00
       4178      6.720    16.0321    16.0312   3.097631   3.097988     2.8522     2.7448     0.0048  0.1396789 0.0000e+00
       4179      6.778    16.0354    16.0364   3.098755   3.098984     2.8474     2.7411     0.0048  0.1401673 0.0000e+00
       4180      6.811    16.0396    16.0407   3.100168   3.100176     2.8437     2.7363     0.0048  0.1401673 0.0000e+00
       4181      6.836    16.0457    16.0455   3.101511   3.101160     2.8400     2.7326     0.0048  0.1401673 0.0000e+00
       4182      6.811    16.0517    16.0513   3.102865   3.102130     2.8351     2.7289     0.0048  0.1396789 0.0000e+00
       4183      6.836    16.0557    16.0561   3.103976   3.103359     2.8327     2.7253     0.0048  0.1396789 0.0000e+00
       4184      6.902    16.0599    16.0603   3.105064   3.104585     2.8303     2.7216     0.0048  0.1401673 0.0000e+00
       4185      6.877    16.0643    16.0631   3.106205   3.105561     2.8242     2.7167     0.0048  0.1401673 0.0000e+00
       4186      6.902    16.0715    16.0669   3.107744   3.106558     2.8205     2.7131     0.0048  0.1401673 0.0000e+00
       4187      6.959    16.0828    16.0704   3.110007   3.107509     2.8168     2.7106     0.0048  0.1401673 0.0000e+00
       4188      6.935    16.0943    16.0757   3.112659   3.108696     2.8144     2.7070     0.0048  0.1401673 0.0000e+00
       4189      7.025    16.0993    16.0839   3.115933   3.109932     2.8095     2.7033     0.0048  0.1396789 0.0000e+00
       4190      7.001    16.0987    16.0937   3.118907   3.111837     2.8058     2.6996     0.0048  0.1401673 0.0000e+00
       4191      7.025    16.0965    16.1033   3.121278   3.114180     2.8022     2.6960     0.0048  0.1401673 0.0000e+00
       4192      7.083    16.0947    16.1097   3.122801   3.116928     2.7997     2.6923     0.0048  0.1401673 0.0000e+00
       4193      7.058    16.0945    16.1099   3.123814   3.119570     2.7961     2.6899     0.0051  0.1372369 0.0000e+00
       4194      7.083    16.0959    16.1081   3.124534   3.121625     2.7912     2.6862     0.0055  0.1343065 0.0000e+00
       4195      7.083    16.0989    16.1059   3.124996   3.123235     2.7875     2.6838     0.0053  0.1333297 0.0000e+00
       4196      7.182    16.1018    16.1051   3.125694   3.124439     2.7863     2.6801     0.0053  0.1333297 0.0000e+00
