data/2021/ctd_data_day1/Station 3ex 210921.cnv
* Sea-Bird SBE 9 Data File:
* FileName = C:\Users\CTD-User\Desktop\MAR440\Station 3ex 210921.hex
* Software Version Seasave V 7.26.2.13
* Temperature SN = 6313
* Conductivity SN = 4758
* Number of Bytes Per Scan = 30
* Number of Voltage Words = 4
* Number of Scans Averaged by the Deck Unit = 1
* NMEA baud rate = 4800
** Ship:
** Station:
** Operator:
# nquan = 11
# nvalues = 3026                                  
# units = specified
# name 0 = scan: Scan Count
# name 1 = prDM: Pressure, Digiquartz [db]
# name 2 = t090C: Temperature [ITS-90, deg C]
# name 3 = t190C: Temperature, 2 [ITS-90, deg C]
# name 4 = c0S/m: Conductivity [S/m]
# name 5 = c1S/m: Conductivity, 2 [S/m]
# name 6 = sbeox0V: Oxygen raw, SBE 43 [V]
# name 7 = sbeox1V: Oxygen raw, SBE 43, 2 [V]
# name 8 = flECO-AFL: Fluorescence, WET Labs ECO-AFL/FL [mg/m^3]
# name 9 = upoly0: Upoly 0, Turbidity
# name 10 = flag:  0.000e+00
# span 0 =          1,       3026                 
# span 1 =      0.398,     13.226                 
# span 2 =    11.9233,    16.1619                 
# span 3 =    11.8952,    16.1632                 
# span 4 =  -0.000629,   3.418605                 
# span 5 =   0.068124,   3.418735                 
# span 6 =     1.3393,     3.2662                 
# span 7 =     1.3833,     3.1099                 
# span 8 =     0.0035,     0.0441                 
# span 9 =  0.0800940,  0.1890073                 
# span 10 = 0.0000e+00, 0.0000e+00                
# interval = seconds: 0.0416667
# start_time = Sep 21 2021 12:03:19 [System UTC, header]
# bad_flag = -9.990e-29
*END*
[from data line 1050]
       1051      5.186    15.3766    14.9689   2.870179   2.878143     2.5971     2.3761     0.0048  0.1802161  0.000e+00
       1052      5.269    15.3783    14.9742   2.870152   2.877894     2.5946     2.3761     0.0048  0.1792393  0.000e+00
       1053      5.244    15.3803    14.9750   2.869868   2.877797     2.5922     2.3761     0.0048  0.1733785  0.000e+00
       1054      5.268    15.3821    14.9799   2.869852   2.877711     2.5910     2.3761     0.0048  0.1704481  0.000e+00
       1055      5.334    15.3842    14.9859   2.869895   2.877425     2.5885     2.3761     0.0048  0.1704481  0.000e+00
       1056      5.301    15.3866    14.9924   2.869601   2.877160     2.5861     2.3761     0.0048  0.1704481  0.000e+00
       1057      5.334    15.3896    14.9935   2.869426   2.877068     2.5848     2.3761     0.0048  0.1704481  0.000e+00
       1058      5.367    15.3923    14.9949   2.869453   2.876906     2.5824     2.3773     0.0048  0.1704481  0.000e+00
       1059      5.392    15.3935    15.0010   2.869492   2.876593     2.5812     2.3773     0.0048  0.1704481  0.000e+00
       1060      5.450    15.3952    15.0096   2.869377   2.876496     2.5787     2.3773     0.0048  0.1704481  0.000e+00
       1061      5.425    15.3965    15.0054   2.869241   2.876383     2.5775     2.3785     0.0048  0.1704481  0.000e+00
       1062      5.449    15.3977    15.0038   2.869126   2.876145     2.5751     2.3785     0.0048  0.1704481  0.000e+00
       1063      5.491    15.3988    15.0060   2.869115   2.875983     2.5726     2.3797     0.0048  0.1704481  0.000e+00
       1064      5.515    15.3996    15.0221   2.869044   2.875843     2.5726     2.3797     0.0048  0.1704481  0.000e+00
       1065      5.515    15.4011    15.0347   2.868799   2.875546     2.5702     2.3797     0.0048  0.1704481  0.000e+00
       1066      5.548    15.4027    15.0384   2.868744   2.875427     2.5690     2.3809     0.0048  0.1704481  0.000e+00
       1067      5.573    15.4020    15.0380   2.868750   2.875249     2.5665     2.3822     0.0048  0.1704481  0.000e+00
       1068      5.548    15.4001    15.0381   2.868564   2.875012     2.5653     2.3822     0.0048  0.1704481  0.000e+00
       1069      5.639    15.3996    15.0294   2.868390   2.874915     2.5641     2.3834     0.0048  0.1704481  0.000e+00
       1070      5.639    15.3993    15.0176   2.868384   2.874775     2.5616     2.3834     0.0048  0.1704481  0.000e+00
       1071      5.672    15.3996    15.0107   2.868433   2.874597     2.5604     2.3846     0.0048  0.1704481  0.000e+00
       1072      5.696    15.3993    15.0072   2.868248   2.874505     2.5592     2.3858     0.0048  0.1704481  0.000e+00
       1073      5.672    15.3986    15.0071   2.868090   2.874327     2.5580     2.3870     0.0048  0.1704481  0.000e+00
       1074      5.696    15.3989    15.0104   2.868068   2.874160     2.5555     2.3870     0.0048  0.1704481  0.000e+00
       1075      5.820    15.3966    15.0140   2.867910   2.874079     2.5543     2.3883     0.0048  0.1704481  0.000e+00
       1076      5.729    15.3920    15.0159   2.867795   2.873922     2.5519     2.3895     0.0048  0.1704481  0.000e+00
       1077      5.762    15.3876    15.0245   2.867757   2.873857     2.5507     2.3895     0.0048  0.1704481  0.000e+00
       1078      5.853    15.3874    15.0331   2.867621   2.873706     2.5507     2.3907     0.0046  0.1689829  0.000e+00
       1079      5.820    15.3890    15.0368   2.867665   2.873582     2.5482     2.3919     0.0048  0.1675177  0.000e+00
       1080      5.877    15.3890    15.0376   2.867632   2.873534     2.5470     2.3919     0.0048  0.1670293  0.000e+00
       1081      5.853    15.3874    15.0364   2.867550   2.873404     2.5458     2.3932     0.0048  0.1670293  0.000e+00
       1082      5.943    15.3837    15.0225   2.867534   2.873367     2.5446     2.3944     0.0048  0.1670293  0.000e+00
       1083      5.919    15.3802    15.0094   2.867305   2.873199     2.5433     2.3944     0.0048  0.1675177  0.000e+00
       1084      5.943    15.3781    15.0039   2.867316   2.873151     2.5421     2.3956     0.0048  0.1670293  0.000e+00
       1085      5.943    15.3795    15.0035   2.867283   2.873086     2.5409     2.3968     0.0048  0.1670293  0.000e+00
       1086      6.042    15.3807    15.0040   2.867245   2.872968     2.5384     2.3968     0.0048  0.1670293  0.000e+00
       1087      6.001    15.3815    14.9990   2.867158   2.872935     2.5372     2.3980     0.0048  0.1670293  0.000e+00
       1088      6.042    15.3839    14.9991   2.867043   2.872817     2.5360     2.3993     0.0048  0.1670293  0.000e+00
       1089      6.067    15.3856    15.0062   2.867021   2.872779     2.5348     2.3993     0.0048  0.1670293  0.000e+00
       1090      6.067    15.3880    15.0127   2.867043   2.872676     2.5336     2.4005     0.0048  0.1670293  0.000e+00
       1091      6.100    15.3913    15.0153   2.866988   2.872660     2.5323     2.4017     0.0048  0.1670293  0.000e+00
       1092      6.124    15.3923    15.0149   2.866928   2.872568     2.5311     2.4017     0.0048  0.1670293  0.000e+00
       1093      6.157    15.3912    15.0113   2.866749   2.872536     2.5299     2.4029     0.0048  0.1675177  0.000e+00
       1094      6.182    15.3915    15.0080   2.866759   2.872536     2.5287     2.4029     0.0048  0.1670293  0.000e+00
       1095      6.182    15.3927    15.0082   2.866759   2.872434     2.5275     2.4041     0.0048  0.1670293  0.000e+00
       1096      6.157    15.3927    15.0094   2.866836   2.872439     2.5262     2.4041     0.0048  0.1670293  0.000e+00
       1097      6.248    15.3913    15.0096   2.866759   2.872374     2.5250     2.4041     0.0048  0.1670293  0.000e+00
       1098      6.305    15.3891    15.0141   2.866705   2.872347     2.5238     2.4054     0.0048  0.1670293  0.000e+00
       1099      6.281    15.3861    15.0138   2.866574   2.872326     2.5226     2.4054     0.0048  0.1675177  0.000e+00
       1100      6.305    15.3825    15.0028   2.866596   2.872401     2.5214     2.4066     0.0048  0.1670293  0.000e+00
       1101      6.281    15.3805    14.9959   2.866580   2.872347     2.5201     2.4066     0.0048  0.1675177  0.000e+00
       1102      6.371    15.3815    14.9994   2.866601   2.872320     2.5189     2.4078     0.0048  0.1670293  0.000e+00
       1103      6.371    15.3856    15.0038   2.866454   2.872358     2.5177     2.4078     0.0048  0.1670293  0.000e+00
       1104      6.404    15.3910    15.0179   2.866356   2.872272     2.5165     2.4078     0.0048  0.1675177  0.000e+00
       1105      6.371    15.3949    15.0279   2.866329   2.872320     2.5152     2.4090     0.0048  0.1675177  0.000e+00
       1106      6.462    15.3967    15.0398   2.866361   2.872325     2.5140     2.4090     0.0048  0.1675177  0.000e+00
       1107      6.429    15.3962    15.0501   2.866394   2.872320     2.5128     2.4090     0.0048  0.1675177  0.000e+00
       1108      6.495    15.3954    15.0508   2.866383   2.872320     2.5116     2.4090     0.0048  0.1675177  0.000e+00
       1109      6.462    15.3964    15.0477   2.866252   2.872358     2.5104     2.4102     0.0048  0.1675177  0.000e+00
       1110      6.552    15.3977    15.0455   2.866214   2.872374     2.5091     2.4102     0.0048  0.1675177  0.000e+00
       1111      6.528    15.4011    15.0450   2.866214   2.872352     2.5079     2.4102     0.0048  0.1675177  0.000e+00
       1112      6.552    15.4071    15.0462   2.866252   2.872363     2.5067     2.4102     0.0048  0.1675177  0.000e+00
       1113      6.610    15.4116    15.0464   2.866285   2.872374     2.5043     2.4115     0.0048  0.1675177  0.000e+00
       1114      6.585    15.4116    15.0497   2.866296   2.872412     2.5043     2.4115     0.0048  0.1675177  0.000e+00
       1115      6.610    15.4091    15.0521   2.866198   2.872466     2.5030     2.4115     0.0048  0.1675177  0.000e+00
       1116      6.676    15.4099    15.0560   2.866138   2.872541     2.5018     2.4115     0.0048  0.1675177  0.000e+00
       1117      6.651    15.4110    15.0592   2.866154   2.872541     2.5006     2.4115     0.0048  0.1675177  0.000e+00
       1118      6.733    15.4132    15.0563   2.866220   2.872536     2.4982     2.4115     0.0048  0.1675177  0.000e+00
       1119      6.709    15.4154    15.0580   2.866241   2.872595     2.4969     2.4115     0.0048  0.1675177  0.000e+00
       1120      6.733    15.4188    15.0726   2.866383   2.872654     2.4957     2.4115     0.0048  0.1675177  0.000e+00
       1121      6.733    15.4303    15.0770   2.866328   2.872687     2.4945     2.4115     0.0048  0.1675177  0.000e+00
       1122      6.774    15.4364    15.0716   2.866312   2.872714     2.4933     2.4115     0.0048  0.1675177  0.000e+00
       1123      6.799    15.4372    15.0656   2.866301   2.872822     2.4920     2.4115     0.0048  0.1675177  0.000e+00
       1124      6.857    15.4380    15.0643   2.866394   2.872838     2.4908     2.4115     0.0048  0.1675177  0.000e+00
       1125      6.832    15.4474    15.0660   2.866492   2.872865     2.4896     2.4115     0.0048  0.1675177  0.000e+00
       1126      6.857    15.4602    15.0708   2.866410   2.872865     2.4884     2.4115     0.0048  0.1675177  0.000e+00
       1127      6.890    15.4705    15.0782   2.866394   2.872973     2.4859     2.4115     0.0048  0.1675177  0.000e+00
       1128      6.914    15.4810    15.0898   2.866421   2.872999     2.4847     2.4115     0.0048  0.1675177  0.000e+00
       1129      6.914    15.4874    15.1000   2.866492   2.873069     2.4835     2.4115     0.0048  0.1626337  0.000e+00
       1130      6.956    15.4913    15.1067   2.866551   2.873113     2.4823     2.4115     0.0049  0.1557961  0.000e+00
       1131      6.980    15.5011    15.1120   2.866584   2.873123     2.4811     2.4115     0.0049  0.1538425  0.000e+00
       1132      6.980    15.5113    15.1217   2.866573   2.873204     2.4798     2.4115     0.0049  0.1543309  0.000e+00
       1133      7.013    15.5230    15.1302   2.866524   2.873231     2.4786     2.4115     0.0049  0.1548193  0.000e+00
       1134      7.038    15.5350    15.1314   2.866507   2.873247     2.4762     2.4115     0.0049  0.1543309  0.000e+00
       1135      7.079    15.5424    15.1322   2.866507   2.873339     2.4762     2.4102     0.0049  0.1548193  0.000e+00
       1136      7.104    15.5490    15.1384   2.866671   2.873323     2.4750     2.4102     0.0049  0.1548193  0.000e+00
       1137      7.104    15.5556    15.1576   2.866742   2.873290     2.4713     2.4102     0.0049  0.1548193  0.000e+00
       1138      7.137    15.5650    15.1707   2.866769   2.873344     2.4713     2.4102     0.0049  0.1543309  0.000e+00
       1139      7.161    15.5786    15.1836   2.866616   2.873382     2.4701     2.4102     0.0049  0.1548193  0.000e+00
       1140      7.161    15.5872    15.2168   2.866682   2.873370     2.4676     2.4102     0.0049  0.1548193  0.000e+00
       1141      7.202    15.5974    15.2501   2.866845   2.873424     2.4664     2.4090     0.0049  0.1548193  0.000e+00
       1142      7.219    15.6064    15.2566   2.866845   2.873365     2.4652     2.4090     0.0049  0.1548193  0.000e+00
       1143      7.260    15.6157    15.2472   2.866834   2.873376     2.4640     2.4090     0.0049  0.1543309  0.000e+00
       1144      7.219    15.6198    15.2499   2.866834   2.873392     2.4627     2.4090     0.0049  0.1543309  0.000e+00
       1145      7.285    15.6236    15.2587   2.866850   2.873392     2.4615     2.4090     0.0049  0.1548193  0.000e+00
       1146      7.318    15.6250    15.2676   2.866959   2.873370     2.4591     2.4090     0.0049  0.1548193  0.000e+00
       1147      7.285    15.6252    15.2861   2.866916   2.873364     2.4579     2.4078     0.0049  0.1543309  0.000e+00
       1148      7.342    15.6203    15.3143   2.866948   2.873402     2.4566     2.4078     0.0049  0.1548193  0.000e+00
       1149      7.383    15.6167    15.3394   2.866927   2.873272     2.4554     2.4078     0.0049  0.1543309  0.000e+00
       1150      7.342    15.6223    15.3532   2.866948   2.873369     2.4530     2.4066     0.0049  0.1548193  0.000e+00
       1151      7.466    15.6346    15.3636   2.867008   2.873315     2.4530     2.4066     0.0049  0.1543309  0.000e+00
       1152      7.383    15.6402    15.3813   2.866981   2.873320     2.4505     2.4066     0.0048  0.1543309  0.000e+00
       1153      7.466    15.6406    15.3909   2.867025   2.873272     2.4493     2.4066     0.0049  0.1543309  0.000e+00
       1154      7.507    15.6445    15.3950   2.867008   2.873256     2.4481     2.4066     0.0049  0.1523773  0.000e+00
       1155      7.466    15.6506    15.3978   2.866894   2.873234     2.4469     2.4054     0.0046  0.1338181  0.000e+00
       1156      7.532    15.6584    15.3983   2.866812   2.873245     2.4444     2.4054     0.0044  0.1245385  0.000e+00
       1157      7.565    15.6650    15.4030   2.866883   2.873191     2.4444     2.4054     0.0044  0.1235617  0.000e+00
       1158      7.532    15.6668    15.4126   2.866915   2.873212     2.4420     2.4041     0.0044  0.1245385  0.000e+00
       1159      7.589    15.6694    15.4203   2.866932   2.873207     2.4408     2.4041     0.0044  0.1245385  0.000e+00
       1160      7.622    15.6743    15.4332   2.866921   2.873120     2.4395     2.4041     0.0044  0.1245385  0.000e+00
       1161      7.589    15.6801    15.4386   2.866828   2.873093     2.4371     2.4041     0.0044  0.1245385  0.000e+00
       1162      7.647    15.6852    15.4440   2.866823   2.873153     2.4359     2.4029     0.0044  0.1245385  0.000e+00
       1163      7.688    15.6894    15.4490   2.866812   2.873153     2.4347     2.4029     0.0044  0.1245385  0.000e+00
       1164      7.647    15.6964    15.4510   2.866844   2.873207     2.4334     2.4029     0.0044  0.1245385  0.000e+00
       1165      7.746    15.7052    15.4576   2.866839   2.873228     2.4322     2.4017     0.0044  0.1245385  0.000e+00
       1166      7.713    15.7141    15.4517   2.866850   2.873288     2.4298     2.4017     0.0044  0.1245385  0.000e+00
       1167      7.713    15.7244    15.4396   2.866757   2.873207     2.4286     2.4017     0.0044  0.1245385  0.000e+00
       1168      7.811    15.7312    15.4415   2.866702   2.873293     2.4273     2.4005     0.0044  0.1245385  0.000e+00
       1169      7.770    15.7437    15.4471   2.866778   2.873315     2.4261     2.4005     0.0044  0.1245385  0.000e+00
       1170      7.836    15.7572    15.4405   2.866784   2.873369     2.4237     2.4005     0.0044  0.1245385  0.000e+00
       1171      7.811    15.7595    15.4366   2.866876   2.873390     2.4224     2.4005     0.0044  0.1245385  0.000e+00
       1172      7.894    15.7651    15.4298   2.866762   2.873471     2.4212     2.3993     0.0044  0.1245385  0.000e+00
       1173      7.894    15.7746    15.4182   2.866680   2.873455     2.4200     2.3993     0.0044  0.1245385  0.000e+00
       1174      7.869    15.7810    15.4029   2.866685   2.873504     2.4188     2.3980     0.0044  0.1245385  0.000e+00
       1175      7.951    15.7783    15.3729   2.866756   2.873563     2.4163     2.3980     0.0044  0.1245385  0.000e+00
       1176      7.894    15.7787    15.3350   2.866778   2.873618     2.4151     2.3980     0.0044  0.1245385  0.000e+00
       1177      7.993    15.7806    15.3161   2.866691   2.873634     2.4127     2.3980     0.0044  0.1245385  0.000e+00
       1178      7.951    15.7775    15.2990   2.866549   2.873694     2.4127     2.3968     0.0044  0.1250269  0.000e+00
       1179      8.050    15.7756    15.2810   2.866625   2.873651     2.4102     2.3968     0.0044  0.1245385  0.000e+00
       1180      8.017    15.7823    15.2729   2.866811   2.873651     2.4090     2.3956     0.0044  0.1206313  0.000e+00
