data/2021/ctd_data_day1/Station 4 210921_ctm_fil.cnv
* Sea-Bird SBE 9 Data File:
* FileName = C:\Users\CTD-User\Desktop\MAR440\Station 4 210921.hex
* Software Version Seasave V 7.26.2.13
* Temperature SN = 6313
* Conductivity SN = 4758
* Number of Bytes Per Scan = 30
* Number of Voltage Words = 4
* Number of Scans Averaged by the Deck Unit = 1
* NMEA baud rate = 4800
** Ship:
** Station:
** Operator:
# nquan = 11
# nvalues = 963                         
# units = specified
# name 0 = scan: Scan Count
# name 1 = prDM: Pressure, Digiquartz [db]
# name 2 = t090C: Temperature [ITS-90, deg C]
# name 3 = t190C: Temperature, 2 [ITS-90, deg C]
# name 4 = c0S/m: Conductivity [S/m]
# name 5 = c1S/m: Conductivity, 2 [S/m]
# name 6 = sbeox0V: Oxygen raw, SBE 43 [V]
# name 7 = sbeox1V: Oxygen raw, SBE 43, 2 [V]
# name 8 = flECO-AFL: Fluorescence, WET Labs ECO-AFL/FL [mg/m^3]
# name 9 = upoly0: Upoly 0, Turbidity
# name 10 = flag:  0.000e+00
# span 0 =          1,        963       
# span 1 =      0.567,     10.540       
# span 2 =    11.6500,    15.2378       
# span 3 =    11.6440,    15.0610       
# span 4 =  -0.000120,   2.791269       
# span 5 =   0.026556,   2.797579       
# span 6 =     2.2470,     3.1434       
# span 7 =     2.1801,     2.9063       
# span 8 =     0.0033,     0.0317       
# span 9 =  0.0811493,  0.2341219       
# span 10 = 0.0000e+00, 0.0000e+00      
# interval = seconds: 0.0416667
# start_time = Sep 21 2021 09:52:02 [System UTC, header]
# bad_flag = -9.990e-29
*END*
[from data line 656]
        657      4.228    14.4178    14.2088   2.776877   2.781434     2.3471     2.2312     0.0062  0.2053821 0.0000e+00
        658      4.250    14.4227    14.2071   2.776907   2.781442     2.3463     2.2315     0.0062  0.2051444 0.0000e+00
        659      4.272    14.4273    14.2054   2.776936   2.781449     2.3455     2.2319     0.0060  0.2049061 0.0000e+00
        660      4.294    14.4317    14.2038   2.776964   2.781455     2.3447     2.2322     0.0062  0.2046653 0.0000e+00
        661      4.316    14.4358    14.2023   2.776990   2.781462     2.3438     2.2324     0.0060  0.2044189 0.0000e+00
        662      4.338    14.4395    14.2008   2.777016   2.781468     2.3430     2.2327     0.0060  0.2041658 0.0000e+00
        663      4.361    14.4429    14.1993   2.777040   2.781474     2.3422     2.2329     0.0059  0.2039111 0.0000e+00
        664      4.383    14.4460    14.1978   2.777063   2.781479     2.3413     2.2332     0.0059  0.2036633 0.0000e+00
        665      4.405    14.4488    14.1962   2.777085   2.781485     2.3405     2.2334     0.0059  0.2034283 0.0000e+00
        666      4.427    14.4512    14.1946   2.777106   2.781490     2.3396     2.2335     0.0059  0.2032069 0.0000e+00
        667      4.449    14.4534    14.1930   2.777127   2.781496     2.3388     2.2337     0.0059  0.2029969 0.0000e+00
        668      4.470    14.4553    14.1913   2.777147   2.781502     2.3379     2.2339     0.0059  0.2027958 0.0000e+00
        669      4.493    14.4569    14.1897   2.777166   2.781508     2.3371     2.2340     0.0059  0.2026032 0.0000e+00
        670      4.515    14.4584    14.1882   2.777184   2.781515     2.3362     2.2342     0.0059  0.2024185 0.0000e+00
        671      4.537    14.4597    14.1867   2.777203   2.781523     2.3354     2.2343     0.0059  0.2022396 0.0000e+00
        672      4.559    14.4610    14.1854   2.777222   2.781531     2.3345     2.2344     0.0059  0.2020644 0.0000e+00
        673      4.581    14.4622    14.1841   2.777241   2.781540     2.3337     2.2345     0.0059  0.2018925 0.0000e+00
        674      4.603    14.4634    14.1831   2.777261   2.781551     2.3328     2.2346     0.0059  0.2017237 0.0000e+00
        675      4.625    14.4646    14.1824   2.777281   2.781562     2.3320     2.2347     0.0059  0.2015558 0.0000e+00
        676      4.647    14.4659    14.1820   2.777302   2.781573     2.3311     2.2348     0.0059  0.2013869 0.0000e+00
        677      4.669    14.4671    14.1818   2.777324   2.781586     2.3303     2.2349     0.0059  0.2012158 0.0000e+00
        678      4.691    14.4684    14.1820   2.777347   2.781600     2.3294     2.2350     0.0059  0.2010413 0.0000e+00
        679      4.713    14.4697    14.1824   2.777370   2.781616     2.3286     2.2351     0.0059  0.2008621 0.0000e+00
        680      4.736    14.4710    14.1831   2.777395   2.781633     2.3277     2.2352     0.0059  0.2006771 0.0000e+00
        681      4.758    14.4723    14.1841   2.777422   2.781651     2.3269     2.2353     0.0059  0.2004858 0.0000e+00
        682      4.780    14.4736    14.1853   2.777450   2.781671     2.3261     2.2354     0.0059  0.2002877 0.0000e+00
        683      4.802    14.4749    14.1869   2.777479   2.781693     2.3253     2.2355     0.0059  0.2000805 0.0000e+00
        684      4.824    14.4763    14.1887   2.777509   2.781716     2.3244     2.2356     0.0059  0.1998621 0.0000e+00
        685      4.846    14.4776    14.1908   2.777540   2.781742     2.3236     2.2357     0.0059  0.1996317 0.0000e+00
        686      4.868    14.4791    14.1932   2.777573   2.781770     2.3228     2.2359     0.0059  0.1993894 0.0000e+00
        687      4.890    14.4806    14.1960   2.777607   2.781800     2.3220     2.2361     0.0059  0.1991344 0.0000e+00
        688      4.912    14.4822    14.1991   2.777643   2.781832     2.3212     2.2362     0.0057  0.1988674 0.0000e+00
        689      4.934    14.4840    14.2024   2.777680   2.781865     2.3204     2.2365     0.0055  0.1985943 0.0000e+00
        690      4.956    14.4859    14.2060   2.777719   2.781899     2.3196     2.2367     0.0055  0.1983216 0.0000e+00
        691      4.979    14.4879    14.2098   2.777760   2.781934     2.3188     2.2370     0.0055  0.1980526 0.0000e+00
        692      5.001    14.4900    14.2139   2.777803   2.781970     2.3181     2.2372     0.0055  0.1977870 0.0000e+00
        693      5.023    14.4923    14.2182   2.777847   2.782007     2.3173     2.2375     0.0055  0.1975223 0.0000e+00
        694      5.045    14.4948    14.2228   2.777892   2.782045     2.3165     2.2379     0.0055  0.1972555 0.0000e+00
        695      5.066    14.4974    14.2275   2.777939   2.782082     2.3158     2.2382     0.0055  0.1969851 0.0000e+00
        696      5.088    14.5001    14.2324   2.777985   2.782120     2.3150     2.2386     0.0055  0.1967089 0.0000e+00
        697      5.111    14.5030    14.2373   2.778033   2.782158     2.3143     2.2390     0.0055  0.1964252 0.0000e+00
        698      5.133    14.5061    14.2423   2.778080   2.782195     2.3135     2.2394     0.0055  0.1961319 0.0000e+00
        699      5.155    14.5093    14.2474   2.778128   2.782232     2.3128     2.2399     0.0055  0.1958270 0.0000e+00
        700      5.177    14.5126    14.2526   2.778177   2.782269     2.3120     2.2404     0.0055  0.1955084 0.0000e+00
        701      5.199    14.5162    14.2580   2.778226   2.782306     2.3113     2.2409     0.0055  0.1951739 0.0000e+00
        702      5.221    14.5200    14.2637   2.778276   2.782345     2.3106     2.2414     0.0055  0.1948211 0.0000e+00
        703      5.243    14.5240    14.2697   2.778326   2.782383     2.3099     2.2419     0.0055  0.1944476 0.0000e+00
        704      5.265    14.5282    14.2760   2.778377   2.782422     2.3092     2.2425     0.0055  0.1940508 0.0000e+00
        705      5.287    14.5326    14.2825   2.778428   2.782462     2.3085     2.2431     0.0055  0.1936280 0.0000e+00
        706      5.309    14.5373    14.2893   2.778480   2.782502     2.3078     2.2437     0.0055  0.1931761 0.0000e+00
        707      5.331    14.5422    14.2963   2.778532   2.782541     2.3071     2.2444     0.0053  0.1926920 0.0000e+00
        708      5.353    14.5474    14.3034   2.778585   2.782581     2.3064     2.2450     0.0055  0.1921725 0.0000e+00
        709      5.374    14.5529    14.3106   2.778638   2.782620     2.3058     2.2457     0.0055  0.1916138 0.0000e+00
        710      5.396    14.5587    14.3178   2.778692   2.782659     2.3051     2.2464     0.0055  0.1910121 0.0000e+00
        711      5.418    14.5647    14.3253   2.778746   2.782698     2.3044     2.2471     0.0055  0.1903640 0.0000e+00
        712      5.440    14.5709    14.3329   2.778800   2.782737     2.3038     2.2478     0.0055  0.1896659 0.0000e+00
        713      5.462    14.5771    14.3408   2.778853   2.782776     2.3031     2.2486     0.0055  0.1889154 0.0000e+00
        714      5.484    14.5835    14.3490   2.778906   2.782814     2.3025     2.2493     0.0053  0.1881338 0.0000e+00
        715      5.506    14.5901    14.3574   2.778960   2.782854     2.3018     2.2501     0.0051  0.1873707 0.0000e+00
        716      5.528    14.5967    14.3661   2.779013   2.782893     2.3012     2.2509     0.0051  0.1866633 0.0000e+00
        717      5.550    14.6035    14.3750   2.779066   2.782933     2.3006     2.2516     0.0051  0.1860178 0.0000e+00
        718      5.572    14.6104    14.3841   2.779119   2.782973     2.3000     2.2524     0.0051  0.1854287 0.0000e+00
        719      5.594    14.6173    14.3935   2.779171   2.783014     2.2993     2.2532     0.0051  0.1848904 0.0000e+00
        720      5.615    14.6242    14.4029   2.779224   2.783054     2.2987     2.2541     0.0051  0.1843982 0.0000e+00
        721      5.637    14.6309    14.4122   2.779276   2.783094     2.2981     2.2549     0.0051  0.1839486 0.0000e+00
        722      5.659    14.6374    14.4214   2.779328   2.783132     2.2975     2.2557     0.0051  0.1835386 0.0000e+00
        723      5.681    14.6437    14.4305   2.779378   2.783169     2.2970     2.2565     0.0051  0.1831653 0.0000e+00
        724      5.702    14.6497    14.4393   2.779427   2.783204     2.2964     2.2573     0.0051  0.1828261 0.0000e+00
        725      5.724    14.6552    14.4479   2.779475   2.783239     2.2958     2.2582     0.0051  0.1825187 0.0000e+00
        726      5.746    14.6602    14.4563   2.779520   2.783271     2.2952     2.2590     0.0051  0.1822409 0.0000e+00
        727      5.768    14.6648    14.4644   2.779564   2.783302     2.2946     2.2598     0.0051  0.1819907 0.0000e+00
        728      5.789    14.6691    14.4722   2.779606   2.783331     2.2941     2.2607     0.0051  0.1817665 0.0000e+00
        729      5.811    14.6732    14.4798   2.779647   2.783358     2.2935     2.2615     0.0051  0.1815667 0.0000e+00
        730      5.833    14.6771    14.4871   2.779687   2.783384     2.2930     2.2623     0.0051  0.1813898 0.0000e+00
        731      5.854    14.6810    14.4942   2.779728   2.783408     2.2925     2.2631     0.0051  0.1812347 0.0000e+00
        732      5.876    14.6847    14.5009   2.779767   2.783431     2.2919     2.2639     0.0051  0.1811003 0.0000e+00
        733      5.898    14.6883    14.5074   2.779806   2.783453     2.2914     2.2647     0.0051  0.1809856 0.0000e+00
        734      5.919    14.6916    14.5136   2.779845   2.783473     2.2909     2.2655     0.0051  0.1808899 0.0000e+00
        735      5.941    14.6947    14.5194   2.779883   2.783491     2.2903     2.2663     0.0051  0.1808124 0.0000e+00
        736      5.963    14.6974    14.5248   2.779921   2.783508     2.2898     2.2671     0.0051  0.1807527 0.0000e+00
        737      5.985    14.6998    14.5300   2.779958   2.783524     2.2893     2.2678     0.0053  0.1807103 0.0000e+00
        738      6.006    14.7019    14.5347   2.779994   2.783539     2.2888     2.2685     0.0051  0.1806849 0.0000e+00
        739      6.028    14.7037    14.5391   2.780031   2.783552     2.2883     2.2693     0.0051  0.1806747 0.0000e+00
        740      6.050    14.7053    14.5431   2.780066   2.783564     2.2878     2.2700     0.0049  0.1806736 0.0000e+00
        741      6.071    14.7066    14.5466   2.780102   2.783574     2.2873     2.2707     0.0049  0.1806723 0.0000e+00
        742      6.093    14.7078    14.5497   2.780138   2.783584     2.2868     2.2713     0.0049  0.1806648 0.0000e+00
        743      6.114    14.7088    14.5524   2.780174   2.783592     2.2863     2.2720     0.0049  0.1806520 0.0000e+00
        744      6.136    14.7097    14.5547   2.780211   2.783598     2.2858     2.2726     0.0049  0.1806354 0.0000e+00
        745      6.158    14.7105    14.5567   2.780248   2.783603     2.2854     2.2732     0.0049  0.1806149 0.0000e+00
        746      6.179    14.7115    14.5583   2.780287   2.783607     2.2849     2.2738     0.0049  0.1805904 0.0000e+00
        747      6.201    14.7126    14.5597   2.780326   2.783610     2.2844     2.2744     0.0049  0.1805617 0.0000e+00
        748      6.222    14.7140    14.5609   2.780368   2.783612     2.2840     2.2750     0.0049  0.1805286 0.0000e+00
        749      6.244    14.7157    14.5621   2.780411   2.783614     2.2835     2.2756     0.0049  0.1804909 0.0000e+00
        750      6.266    14.7176    14.5633   2.780457   2.783616     2.2830     2.2761     0.0049  0.1804483 0.0000e+00
        751      6.287    14.7198    14.5644   2.780503   2.783617     2.2826     2.2766     0.0049  0.1804005 0.0000e+00
        752      6.309    14.7221    14.5653   2.780551   2.783619     2.2821     2.2771     0.0049  0.1803472 0.0000e+00
        753      6.331    14.7243    14.5660   2.780598   2.783619     2.2817     2.2776     0.0049  0.1802881 0.0000e+00
        754      6.352    14.7265    14.5664   2.780646   2.783619     2.2813     2.2781     0.0049  0.1802226 0.0000e+00
        755      6.374    14.7287    14.5665   2.780693   2.783619     2.2808     2.2785     0.0049  0.1801504 0.0000e+00
        756      6.395    14.7309    14.5663   2.780741   2.783617     2.2804     2.2790     0.0049  0.1800709 0.0000e+00
        757      6.417    14.7331    14.5659   2.780790   2.783614     2.2799     2.2794     0.0049  0.1799837 0.0000e+00
        758      6.439    14.7353    14.5654   2.780838   2.783612     2.2795     2.2798     0.0049  0.1798880 0.0000e+00
        759      6.460    14.7375    14.5649   2.780886   2.783609     2.2791     2.2802     0.0049  0.1797832 0.0000e+00
        760      6.482    14.7399    14.5644   2.780935   2.783607     2.2787     2.2805     0.0049  0.1796687 0.0000e+00
        761      6.504    14.7422    14.5639   2.780984   2.783605     2.2782     2.2809     0.0049  0.1795435 0.0000e+00
        762      6.525    14.7447    14.5635   2.781034   2.783604     2.2778     2.2812     0.0049  0.1794069 0.0000e+00
        763      6.547    14.7472    14.5631   2.781083   2.783604     2.2774     2.2815     0.0049  0.1792578 0.0000e+00
        764      6.569    14.7498    14.5630   2.781133   2.783604     2.2770     2.2818     0.0049  0.1790953 0.0000e+00
        765      6.590    14.7526    14.5630   2.781184   2.783606     2.2766     2.2820     0.0048  0.1789215 0.0000e+00
        766      6.612    14.7556    14.5633   2.781236   2.783609     2.2762     2.2823     0.0048  0.1787439 0.0000e+00
        767      6.634    14.7588    14.5640   2.781288   2.783613     2.2758     2.2825     0.0048  0.1785679 0.0000e+00
        768      6.656    14.7620    14.5649   2.781340   2.783620     2.2754     2.2827     0.0046  0.1783941 0.0000e+00
        769      6.678    14.7651    14.5663   2.781391   2.783628     2.2750     2.2829     0.0048  0.1782211 0.0000e+00
        770      6.699    14.7682    14.5682   2.781442   2.783638     2.2746     2.2831     0.0048  0.1780479 0.0000e+00
        771      6.721    14.7711    14.5704   2.781492   2.783650     2.2742     2.2832     0.0048  0.1778732 0.0000e+00
        772      6.743    14.7740    14.5730   2.781541   2.783664     2.2738     2.2833     0.0048  0.1776957 0.0000e+00
        773      6.765    14.7768    14.5759   2.781589   2.783678     2.2734     2.2834     0.0048  0.1775144 0.0000e+00
        774      6.787    14.7796    14.5790   2.781636   2.783693     2.2730     2.2835     0.0048  0.1773278 0.0000e+00
        775      6.808    14.7824    14.5823   2.781683   2.783709     2.2727     2.2836     0.0048  0.1771347 0.0000e+00
        776      6.830    14.7853    14.5859   2.781728   2.783727     2.2723     2.2837     0.0048  0.1769338 0.0000e+00
        777      6.852    14.7882    14.5897   2.781773   2.783745     2.2719     2.2837     0.0048  0.1767236 0.0000e+00
        778      6.874    14.7912    14.5937   2.781818   2.783763     2.2716     2.2837     0.0048  0.1765027 0.0000e+00
        779      6.896    14.7942    14.5978   2.781861   2.783783     2.2712     2.2837     0.0048  0.1762696 0.0000e+00
        780      6.918    14.7973    14.6022   2.781904   2.783804     2.2709     2.2838     0.0048  0.1760226 0.0000e+00
        781      6.940    14.8005    14.6068   2.781947   2.783825     2.2705     2.2837     0.0048  0.1757601 0.0000e+00
        782      6.962    14.8038    14.6117   2.781989   2.783848     2.2702     2.2837     0.0048  0.1754801 0.0000e+00
        783      6.983    14.8074    14.6166   2.782032   2.783872     2.2699     2.2837     0.0048  0.1751808 0.0000e+00
        784      7.005    14.8111    14.6218   2.782074   2.783896     2.2695     2.2836     0.0048  0.1748600 0.0000e+00
        785      7.027    14.8150    14.6270   2.782117   2.783921     2.2692     2.2835     0.0048  0.1745156 0.0000e+00
        786      7.049    14.8190    14.6323   2.782159   2.783947     2.2689     2.2834     0.0048  0.1741451 0.0000e+00
