data/2021/ctd_data_day1/Station 2ex 210921.cnv
* Sea-Bird SBE 9 Data File:
* FileName = C:\Users\CTD-User\Desktop\MAR440\Station 2ex 210921.hex
* Software Version Seasave V 7.26.2.13
* Temperature SN = 6313
* Conductivity SN = 4758
* Number of Bytes Per Scan = 30
* Number of Voltage Words = 4
* Number of Scans Averaged by the Deck Unit = 1
* NMEA baud rate = 4800
** Ship:
** Station:
** Operator:
# nquan = 11
# nvalues = 3819                                  
# units = specified
# name 0 = scan: Scan Count
# name 1 = prDM: Pressure, Digiquartz [db]
# name 2 = t090C: Temperature [ITS-90, deg C]
# name 3 = t190C: Temperature, 2 [ITS-90, deg C]
# name 4 = c0S/m: Conductivity [S/m]
# name 5 = c1S/m: Conductivity, 2 [S/m]
# name 6 = sbeox0V: Oxygen raw, SBE 43 [V]
# name 7 = sbeox1V: Oxygen raw, SBE 43, 2 [V]
# name 8 = flECO-AFL: Fluorescence, WET Labs ECO-AFL/FL [mg/m^3]
# name 9 = upoly0: Upoly 0, Turbidity
# name 10 = flag:  0.000e+00
# span 0 =          1,       3819                 
# span 1 =      0.200,     24.037                 
# span 2 =    13.0098,    16.1645                 
# span 3 =    13.0064,    16.1714                 
# span 4 =   2.855411,   3.803823                 
# span 5 =   2.857473,   3.804921                 
# span 6 =     0.9315,     2.9243                 
# span 7 =     1.0304,     2.8791                 
# span 8 =     0.0033,     0.0101                 
# span 9 =  0.0869316,  0.2349170                 
# span 10 = 0.0000e+00, 0.0000e+00                
# interval = seconds: 0.0416667
# start_time = Sep 21 2021 11:43:06 [System UTC, header]
# bad_flag = -9.990e-29
*END*
[from data line 1837]
       1838      3.221    15.1919    15.2078   2.974555   2.977401     2.8694     2.8230     0.0053  0.1782625  0.000e+00
       1839      3.311    15.1870    15.2108   2.974008   2.977455     2.8706     2.8230     0.0053  0.1782625  0.000e+00
       1840      3.278    15.1812    15.2149   2.973461   2.977855     2.8694     2.8217     0.0053  0.1782625  0.000e+00
       1841      3.245    15.1735    15.2161   2.972377   2.978161     2.8694     2.8205     0.0053  0.1782625  0.000e+00
       1842      3.369    15.1658    15.2168   2.971084   2.978259     2.8669     2.8205     0.0053  0.1782625  0.000e+00
       1843      3.344    15.1616    15.2190   2.970272   2.978614     2.8681     2.8205     0.0055  0.1782625  0.000e+00
       1844      3.311    15.1628    15.2152   2.970206   2.978593     2.8681     2.8193     0.0055  0.1782625  0.000e+00
       1845      3.402    15.1636    15.2001   2.970504   2.976991     2.8657     2.8181     0.0053  0.1782625  0.000e+00
       1846      3.435    15.1616    15.1866   2.970410   2.974805     2.8657     2.8181     0.0053  0.1782625  0.000e+00
       1847      3.402    15.1583    15.1787   2.970316   2.973329     2.8645     2.8181     0.0053  0.1777741  0.000e+00
       1848      3.435    15.1543    15.1695   2.969902   2.971980     2.8657     2.8169     0.0053  0.1767973  0.000e+00
       1849      3.468    15.1553    15.1622   2.969598   2.970893     2.8657     2.8156     0.0055  0.1758205  0.000e+00
       1850      3.493    15.1599    15.1572   2.969835   2.970150     2.8645     2.8156     0.0053  0.1758205  0.000e+00
       1851      3.493    15.1656    15.1615   2.970603   2.970363     2.8620     2.8156     0.0055  0.1758205  0.000e+00
       1852      3.526    15.1704    15.1679   2.971421   2.971182     2.8620     2.8156     0.0053  0.1758205  0.000e+00
       1853      3.550    15.1743    15.1710   2.972118   2.972067     2.8633     2.8144     0.0055  0.1758205  0.000e+00
       1854      3.526    15.1782    15.1724   2.972720   2.972625     2.8645     2.8144     0.0053  0.1758205  0.000e+00
       1855      3.616    15.1819    15.1742   2.973278   2.973269     2.8608     2.8132     0.0055  0.1758205  0.000e+00
       1856      3.591    15.1817    15.1761   2.973787   2.973756     2.8596     2.8132     0.0053  0.1758205  0.000e+00
       1857      3.616    15.1799    15.1795   2.973743   2.974258     2.8596     2.8120     0.0053  0.1758205  0.000e+00
       1858      3.591    15.1748    15.1803   2.973090   2.974674     2.8608     2.8120     0.0053  0.1758205  0.000e+00
       1859      3.740    15.1690    15.1810   2.972140   2.974646     2.8596     2.8107     0.0055  0.1758205  0.000e+00
       1860      3.674    15.1619    15.1826   2.971167   2.974920     2.8596     2.8107     0.0053  0.1758205  0.000e+00
       1861      3.707    15.1513    15.1819   2.969758   2.975062     2.8596     2.8095     0.0053  0.1758205  0.000e+00
       1862      3.740    15.1372    15.1797   2.967924   2.974931     2.8584     2.8083     0.0053  0.1758205  0.000e+00
       1863      3.773    15.1257    15.1770   2.966367   2.974717     2.8596     2.8083     0.0055  0.1758205  0.000e+00
       1864      3.740    15.1212    15.1738   2.965594   2.974477     2.8596     2.8071     0.0053  0.1758205  0.000e+00
       1865      3.830    15.1171    15.1690   2.965108   2.974248     2.8559     2.8071     0.0053  0.1758205  0.000e+00
       1866      3.798    15.1043    15.1640   2.963887   2.973712     2.8559     2.8059     0.0055  0.1758205  0.000e+00
       1867      3.863    15.0899    15.1534   2.961911   2.972215     2.8559     2.8059     0.0053  0.1758205  0.000e+00
       1868      3.830    15.0808    15.1327   2.960007   2.969522     2.8559     2.8046     0.0053  0.1758205  0.000e+00
       1869      3.863    15.0795    15.1154   2.958898   2.966263     2.8547     2.8034     0.0053  0.1758205  0.000e+00
       1870      3.896    15.0812    15.1076   2.959009   2.964025     2.8547     2.8034     0.0053  0.1758205  0.000e+00
       1871      3.921    15.0833    15.1023   2.959533   2.962813     2.8547     2.8022     0.0053  0.1758205  0.000e+00
       1872      3.954    15.0847    15.0971   2.959649   2.961706     2.8547     2.8022     0.0053  0.1758205  0.000e+00
       1873      3.921    15.0899    15.0938   2.959891   2.960691     2.8547     2.8010     0.0053  0.1743553  0.000e+00
       1874      3.979    15.1007    15.0925   2.961012   2.960091     2.8510     2.7998     0.0055  0.1728901  0.000e+00
       1875      4.020    15.1092    15.0963   2.962800   2.960293     2.8510     2.7998     0.0055  0.1724017  0.000e+00
       1876      4.045    15.1136    15.1063   2.964086   2.962202     2.8498     2.7985     0.0053  0.1724017  0.000e+00
       1877      4.020    15.1176    15.1204   2.965351   2.965487     2.8510     2.7973     0.0055  0.1724017  0.000e+00
       1878      4.045    15.1208    15.1316   2.966549   2.968610     2.8498     2.7973     0.0055  0.1724017  0.000e+00
       1879      4.078    15.1256    15.1382   2.967527   2.970478     2.8498     2.7961     0.0053  0.1724017  0.000e+00
       1880      4.103    15.1286    15.1445   2.968388   2.971461     2.8474     2.7949     0.0055  0.1724017  0.000e+00
       1881      4.103    15.1284    15.1529   2.968167   2.972969     2.8462     2.7937     0.0053  0.1724017  0.000e+00
       1882      4.201    15.1284    15.1608   2.967444   2.974843     2.8474     2.7937     0.0053  0.1724017  0.000e+00
       1883      4.103    15.1306    15.1697   2.967190   2.976751     2.8462     2.7924     0.0053  0.1724017  0.000e+00
       1884      4.201    15.1344    15.1753   2.968228   2.978304     2.8437     2.7924     0.0055  0.1724017  0.000e+00
       1885      4.168    15.1360    15.1747   2.969493   2.978648     2.8449     2.7912     0.0053  0.1724017  0.000e+00
       1886      4.259    15.1372    15.1749   2.970096   2.978429     2.8449     2.7900     0.0053  0.1724017  0.000e+00
       1887      4.226    15.1395    15.1790   2.970410   2.979063     2.8437     2.7900     0.0053  0.1724017  0.000e+00
       1888      4.284    15.1413    15.1828   2.970836   2.980212     2.8425     2.7888     0.0053  0.1724017  0.000e+00
       1889      4.259    15.1445    15.1868   2.971378   2.981355     2.8401     2.7875     0.0053  0.1724017  0.000e+00
       1890      4.284    15.1514    15.1901   2.972610   2.982383     2.8401     2.7875     0.0053  0.1724017  0.000e+00
       1891      4.325    15.1575    15.1914   2.974600   2.983133     2.8401     2.7863     0.0055  0.1724017  0.000e+00
       1892      4.350    15.1640    15.1917   2.976143   2.983423     2.8401     2.7851     0.0055  0.1724017  0.000e+00
       1893      4.383    15.1689    15.1902   2.977260   2.983401     2.8376     2.7839     0.0055  0.1724017  0.000e+00
       1894      4.407    15.1723    15.1890   2.977813   2.983215     2.8364     2.7839     0.0053  0.1724017  0.000e+00
       1895      4.350    15.1754    15.1884   2.978449   2.982952     2.8352     2.7827     0.0055  0.1724017  0.000e+00
       1896      4.440    15.1785    15.1887   2.979129   2.983007     2.8364     2.7827     0.0053  0.1724017  0.000e+00
       1897      4.473    15.1814    15.1912   2.979771   2.983680     2.8364     2.7814     0.0055  0.1724017  0.000e+00
       1898      4.440    15.1846    15.1947   2.980756   2.984402     2.8352     2.7802     0.0053  0.1724017  0.000e+00
       1899      4.531    15.1885    15.1971   2.981392   2.984840     2.8352     2.7802     0.0053  0.1709365  0.000e+00
       1900      4.506    15.1929    15.1964   2.982438   2.984599     2.8327     2.7790     0.0051  0.1699597  0.000e+00
       1901      4.531    15.1954    15.1991   2.982831   2.984670     2.8327     2.7790     0.0051  0.1699597  0.000e+00
       1902      4.531    15.1945    15.2047   2.982471   2.985650     2.8327     2.7778     0.0051  0.1699597  0.000e+00
       1903      4.630    15.1917    15.2084   2.981835   2.986766     2.8303     2.7778     0.0051  0.1699597  0.000e+00
       1904      4.589    15.1892    15.2079   2.981088   2.987012     2.8303     2.7766     0.0051  0.1699597  0.000e+00
       1905      4.564    15.1853    15.2054   2.980313   2.986339     2.8303     2.7766     0.0051  0.1699597  0.000e+00
       1906      4.655    15.1775    15.2032   2.978642   2.985491     2.8315     2.7766     0.0051  0.1699597  0.000e+00
       1907      4.655    15.1662    15.2010   2.976685   2.984687     2.8303     2.7753     0.0051  0.1699597  0.000e+00
       1908      4.688    15.1567    15.1969   2.974501   2.983800     2.8278     2.7753     0.0051  0.1699597  0.000e+00
       1909      4.655    15.1475    15.1923   2.972527   2.982536     2.8278     2.7741     0.0051  0.1699597  0.000e+00
       1910      4.754    15.1433    15.1886   2.971422   2.981399     2.8303     2.7741     0.0051  0.1699597  0.000e+00
       1911      4.712    15.1437    15.1829   2.970665   2.980250     2.8303     2.7741     0.0051  0.1699597  0.000e+00
       1912      4.754    15.1426    15.1759   2.970134   2.978730     2.8278     2.7729     0.0051  0.1699597  0.000e+00
       1913      4.836    15.1398    15.1685   2.969560   2.977188     2.8266     2.7729     0.0051  0.1699597  0.000e+00
       1914      4.778    15.1377    15.1601   2.969090   2.975674     2.8254     2.7729     0.0051  0.1699597  0.000e+00
       1915      4.811    15.1385    15.1544   2.969013   2.974139     2.8266     2.7717     0.0051  0.1699597  0.000e+00
       1916      4.836    15.1425    15.1548   2.969372   2.973521     2.8266     2.7717     0.0051  0.1699597  0.000e+00
       1917      4.869    15.1487    15.1547   2.969825   2.973259     2.8254     2.7717     0.0051  0.1699597  0.000e+00
       1918      4.836    15.1533    15.1554   2.970709   2.973079     2.8242     2.7717     0.0051  0.1699597  0.000e+00
       1919      4.960    15.1533    15.1552   2.971041   2.972887     2.8242     2.7705     0.0051  0.1699597  0.000e+00
       1920      4.869    15.1518    15.1522   2.970609   2.972265     2.8254     2.7705     0.0051  0.1699597  0.000e+00
       1921      5.017    15.1511    15.1492   2.970145   2.971505     2.8254     2.7705     0.0051  0.1699597  0.000e+00
       1922      4.935    15.1521    15.1481   2.970195   2.970773     2.8230     2.7692     0.0051  0.1699597  0.000e+00
       1923      4.960    15.1529    15.1503   2.970156   2.970702     2.8230     2.7692     0.0051  0.1699597  0.000e+00
       1924      5.017    15.1536    15.1561   2.970190   2.971248     2.8230     2.7692     0.0051  0.1680061  0.000e+00
       1925      5.059    15.1543    15.1604   2.970295   2.971964     2.8254     2.7680     0.0051  0.1655641  0.000e+00
       1926      5.017    15.1529    15.1627   2.970223   2.972341     2.8254     2.7680     0.0051  0.1645873  0.000e+00
       1927      5.116    15.1465    15.1647   2.969372   2.972625     2.8230     2.7668     0.0051  0.1645873  0.000e+00
       1928      5.083    15.1398    15.1654   2.968333   2.972871     2.8217     2.7668     0.0051  0.1645873  0.000e+00
       1929      5.116    15.1356    15.1635   2.967604   2.972887     2.8217     2.7668     0.0051  0.1645873  0.000e+00
       1930      5.141    15.1332    15.1627   2.967096   2.972926     2.8230     2.7668     0.0051  0.1650757  0.000e+00
       1931      5.141    15.1322    15.1615   2.966914   2.972931     2.8217     2.7656     0.0051  0.1645873  0.000e+00
       1932      5.174    15.1323    15.1567   2.966853   2.972336     2.8205     2.7643     0.0051  0.1645873  0.000e+00
       1933      5.207    15.1333    15.1527   2.966903   2.971369     2.8205     2.7643     0.0051  0.1645873  0.000e+00
       1934      5.240    15.1347    15.1484   2.967234   2.970642     2.8193     2.7643     0.0051  0.1650757  0.000e+00
       1935      5.265    15.1362    15.1459   2.967626   2.969987     2.8217     2.7631     0.0051  0.1645873  0.000e+00
       1936      5.265    15.1372    15.1438   2.967847   2.969534     2.8205     2.7631     0.0051  0.1650757  0.000e+00
       1937      5.298    15.1376    15.1433   2.968030   2.969271     2.8181     2.7619     0.0051  0.1650757  0.000e+00
       1938      5.322    15.1396    15.1455   2.968289   2.969463     2.8181     2.7607     0.0051  0.1645873  0.000e+00
       1939      5.364    15.1604    15.1533   2.970085   2.970806     2.8205     2.7607     0.0051  0.1650757  0.000e+00
       1940      5.388    15.1804    15.1576   2.974606   2.972434     2.8205     2.7595     0.0051  0.1645873  0.000e+00
       1941      5.388    15.1964    15.1659   2.978642   2.973756     2.8169     2.7595     0.0051  0.1645873  0.000e+00
       1942      5.421    15.2171    15.1792   2.982659   2.976418     2.8156     2.7582     0.0051  0.1645873  0.000e+00
       1943      5.446    15.2403    15.1912   2.988699   2.979556     2.8156     2.7582     0.0051  0.1650757  0.000e+00
       1944      5.421    15.2631    15.2122   2.995226   2.983893     2.8169     2.7570     0.0051  0.1645873  0.000e+00
       1945      5.512    15.2927    15.2376   3.001508   2.990462     2.8156     2.7570     0.0051  0.1645873  0.000e+00
       1946      5.512    15.3205    15.2581   3.007968   2.997030     2.8144     2.7558     0.0051  0.1645873  0.000e+00
       1947      5.545    15.3487    15.2749   3.013516   3.001865     2.8132     2.7546     0.0051  0.1645873  0.000e+00
       1948      5.512    15.3707    15.2830   3.018128   3.004580     2.8132     2.7546     0.0051  0.1650757  0.000e+00
       1949      5.603    15.3876    15.2875   3.021909   3.005907     2.8156     2.7546     0.0051  0.1650757  0.000e+00
       1950      5.570    15.4035    15.2905   3.025720   3.007049     2.8132     2.7534     0.0051  0.1665409  0.000e+00
       1951      5.636    15.4198    15.3002   3.029421   3.008700     2.8107     2.7534     0.0051  0.1670293  0.000e+00
       1952      5.669    15.4303    15.3311   3.032644   3.012719     2.8095     2.7521     0.0051  0.1675177  0.000e+00
       1953      5.636    15.4272    15.3664   3.033792   3.018887     2.8107     2.7521     0.0051  0.1670293  0.000e+00
       1954      5.669    15.4228    15.3950   3.032823   3.025435     2.8107     2.7509     0.0051  0.1670293  0.000e+00
       1955      5.751    15.4189    15.4174   3.031403   3.031509     2.8095     2.7509     0.0051  0.1675177  0.000e+00
       1956      5.693    15.4085    15.4320   3.029198   3.035831     2.8107     2.7497     0.0051  0.1670293  0.000e+00
       1957      5.792    15.3847    15.4429   3.025937   3.038783     2.8083     2.7497     0.0051  0.1670293  0.000e+00
       1958      5.817    15.3661    15.4405   3.022582   3.039400     2.8083     2.7497     0.0051  0.1670293  0.000e+00
       1959      5.792    15.3585    15.4105   3.020836   3.035143     2.8095     2.7497     0.0051  0.1675177  0.000e+00
       1960      5.817    15.3582    15.3687   3.020603   3.026959     2.8071     2.7497     0.0051  0.1670293  0.000e+00
       1961      5.875    15.3544    15.3433   3.020575   3.020482     2.8071     2.7485     0.0051  0.1670293  0.000e+00
       1962      5.850    15.3336    15.3430   3.018234   3.019042     2.8059     2.7485     0.0051  0.1675177  0.000e+00
       1963      5.875    15.3076    15.3450   3.012866   3.019805     2.8083     2.7485     0.0051  0.1670293  0.000e+00
       1964      5.916    15.2875    15.3387   3.006941   3.019135     2.8083     2.7485     0.0051  0.1670293  0.000e+00
       1965      5.941    15.2646    15.3196   3.001758   3.016300     2.8059     2.7485     0.0051  0.1675177  0.000e+00
       1966      5.998    15.2424    15.2953   2.996978   3.011912     2.8059     2.7485     0.0051  0.1670293  0.000e+00
       1967      5.974    15.2260    15.2698   2.992777   3.006659     2.8059     2.7485     0.0051  0.1670293  0.000e+00
