data/2021/ctd_data_day1/Station 3 210921.cnv
* Sea-Bird SBE 9 Data File:
* FileName = C:\Users\CTD-User\Desktop\MAR440\Station 3 210921.hex
* Software Version Seasave V 7.26.2.13
* Temperature SN = 6313
* Conductivity SN = 4758
* Number of Bytes Per Scan = 30
* Number of Voltage Words = 4
* Number of Scans Averaged by the Deck Unit = 1
* NMEA baud rate = 4800
** Ship:
** Station:
** Operator:
# nquan = 11
# nvalues = 5414                                  
# units = specified
# name 0 = scan: Scan Count
# name 1 = prDM: Pressure, Digiquartz [db]
# name 2 = t090C: Temperature [ITS-90, deg C]
# name 3 = t190C: Temperature, 2 [ITS-90, deg C]
# name 4 = c0S/m: Conductivity [S/m]
# name 5 = c1S/m: Conductivity, 2 [S/m]
# name 6 = sbeox0V: Oxygen raw, SBE 43 [V]
# name 7 = sbeox1V: Oxygen raw, SBE 43, 2 [V]
# name 8 = flECO-AFL: Fluorescence, WET Labs ECO-AFL/FL [mg/m^3]
# name 9 = upoly0: Upoly 0, Turbidity
# name 10 = flag:  0.000e+00
# span 0 =          1,       5414                 
# span 1 =      1.484,     20.539                 
# span 2 =     8.0003,    16.1871                 
# span 3 =     8.0022,    16.1888                 
# span 4 =   2.919530,   3.490542                 
# span 5 =   2.966036,   3.491878                 
# span 6 =     0.4650,     2.8157                 
# span 7 =     0.5261,     2.6667                 
# span 8 =     0.0033,     0.0092                 
# span 9 =  0.0883968,  0.1934029                 
# span 10 = 0.0000e+00, 0.0000e+00                
# interval = seconds: 0.0416667
# start_time = Sep 21 2021 09:31:52 [System UTC, header]
# bad_flag = -9.990e-29
*END*
[from data line 3804]
       3805     19.919     8.7457     8.4043   3.272914   3.259707     0.5090     0.5810     0.0070  0.1372369  0.000e+00
       3806     19.919     8.7252     8.4043   3.272949   3.259741     0.5102     0.5810     0.0070  0.1372369  0.000e+00
       3807     19.919     8.6984     8.4105   3.272960   3.259820     0.5102     0.5798     0.0070  0.1372369  0.000e+00
       3808     19.985     8.6696     8.4184   3.272909   3.259910     0.5102     0.5798     0.0070  0.1372369  0.000e+00
       3809     19.919     8.6395     8.4214   3.272875   3.259973     0.5102     0.5810     0.0070  0.1367485  0.000e+00
       3810     19.919     8.6121     8.4182   3.272755   3.260035     0.5102     0.5810     0.0070  0.1372369  0.000e+00
       3811     19.919     8.5923     8.4137   3.272830   3.260159     0.5114     0.5810     0.0070  0.1372369  0.000e+00
       3812     19.968     8.5832     8.4164   3.272979   3.260307     0.5102     0.5798     0.0070  0.1372369  0.000e+00
       3813     19.919     8.5866     8.4271   3.273059   3.260499     0.5102     0.5810     0.0070  0.1372369  0.000e+00
       3814     19.919     8.6048     8.4378   3.273030   3.260595     0.5102     0.5798     0.0070  0.1367485  0.000e+00
       3815     19.919     8.6553     8.4433   3.273058   3.260629     0.5102     0.5798     0.0070  0.1372369  0.000e+00
       3816     19.919     8.7033     8.4443   3.273075   3.260708     0.5102     0.5798     0.0070  0.1367485  0.000e+00
       3817     19.919     8.7223     8.4445   3.273121   3.260731     0.5102     0.5798     0.0070  0.1372369  0.000e+00
       3818     19.985     8.7180     8.4427   3.273069   3.260799     0.5102     0.5798     0.0070  0.1372369  0.000e+00
       3819     19.861     8.7104     8.4334   3.273063   3.260884     0.5090     0.5798     0.0070  0.1372369  0.000e+00
       3820     19.968     8.7161     8.4177   3.273230   3.260884     0.5102     0.5798     0.0070  0.1372369  0.000e+00
       3821     19.919     8.7321     8.4067   3.273442   3.260946     0.5102     0.5798     0.0070  0.1372369  0.000e+00
       3822     19.919     8.7383     8.4043   3.273625   3.260856     0.5102     0.5798     0.0070  0.1367485  0.000e+00
       3823     19.919     8.7394     8.4092   3.273958   3.260822     0.5102     0.5798     0.0070  0.1367485  0.000e+00
       3824     19.919     8.7549     8.4201   3.274256   3.260838     0.5102     0.5798     0.0068  0.1362601  0.000e+00
       3825     19.919     8.7775     8.4347   3.274393   3.260850     0.5090     0.5798     0.0066  0.1343065  0.000e+00
       3826     19.919     8.7899     8.4496   3.274416   3.260759     0.5102     0.5798     0.0066  0.1343065  0.000e+00
       3827     19.919     8.7907     8.4622   3.274479   3.260708     0.5090     0.5798     0.0066  0.1343065  0.000e+00
       3828     19.919     8.7845     8.4681   3.274410   3.260589     0.5102     0.5798     0.0066  0.1343065  0.000e+00
       3829     19.968     8.7530     8.4639   3.274181   3.260555     0.5090     0.5798     0.0066  0.1343065  0.000e+00
       3830     19.919     8.6996     8.4549   3.273757   3.260640     0.5102     0.5798     0.0066  0.1343065  0.000e+00
       3831     19.919     8.6605     8.4489   3.273437   3.260759     0.5102     0.5798     0.0066  0.1343065  0.000e+00
       3832     19.919     8.6524     8.4477   3.273259   3.260855     0.5090     0.5798     0.0066  0.1343065  0.000e+00
       3833     19.919     8.6811     8.4488   3.273293   3.260985     0.5090     0.5798     0.0066  0.1343065  0.000e+00
       3834     19.919     8.7280     8.4504   3.273316   3.261048     0.5090     0.5798     0.0066  0.1343065  0.000e+00
       3835     19.919     8.7631     8.4508   3.273470   3.261098     0.5102     0.5798     0.0066  0.1343065  0.000e+00
       3836     19.919     8.7769     8.4491   3.273476   3.261155     0.5102     0.5798     0.0066  0.1343065  0.000e+00
       3837     19.919     8.7781     8.4471   3.273412   3.261195     0.5090     0.5798     0.0066  0.1343065  0.000e+00
       3838     19.911     8.7756     8.4477   3.273424   3.261155     0.5090     0.5798     0.0066  0.1343065  0.000e+00
       3839     19.985     8.7725     8.4524   3.273384   3.261319     0.5102     0.5786     0.0066  0.1343065  0.000e+00
       3840     19.919     8.7694     8.4625   3.273235   3.261489     0.5102     0.5798     0.0066  0.1343065  0.000e+00
       3841     19.919     8.7685     8.4727   3.273395   3.261749     0.5090     0.5786     0.0066  0.1343065  0.000e+00
       3842     19.919     8.7731     8.4803   3.273464   3.261998     0.5102     0.5786     0.0066  0.1343065  0.000e+00
       3843     19.919     8.7819     8.4801   3.273412   3.262258     0.5090     0.5786     0.0066  0.1343065  0.000e+00
       3844     19.919     8.7913     8.4668   3.273200   3.262479     0.5102     0.5786     0.0066  0.1343065  0.000e+00
       3845     19.919     8.7952     8.4551   3.272839   3.262576     0.5102     0.5786     0.0066  0.1343065  0.000e+00
       3846     19.911     8.7758     8.4578   3.272455   3.262706     0.5102     0.5786     0.0066  0.1343065  0.000e+00
       3847     19.919     8.7313     8.4645   3.272026   3.262785     0.5102     0.5786     0.0066  0.1343065  0.000e+00
       3848     19.919     8.6921     8.4707   3.271602   3.262910     0.5090     0.5786     0.0066  0.1343065  0.000e+00
       3849     19.919     8.6543     8.4765   3.271189   3.263085     0.5090     0.5786     0.0066  0.1343065  0.000e+00
       3850     19.919     8.6180     8.4782   3.270531   3.263283     0.5102     0.5786     0.0066  0.1352833  0.000e+00
       3851     19.985     8.5894     8.4720   3.269918   3.263470     0.5090     0.5786     0.0066  0.1362601  0.000e+00
       3852     19.861     8.5770     8.4614   3.269396   3.263470     0.5090     0.5786     0.0066  0.1362601  0.000e+00
       3853     19.985     8.5818     8.4494   3.268915   3.263323     0.5102     0.5786     0.0066  0.1362601  0.000e+00
       3854     19.919     8.5979     8.4321   3.268663   3.263097     0.5102     0.5786     0.0066  0.1362601  0.000e+00
       3855     19.911     8.6112     8.4172   3.268462   3.262927     0.5102     0.5786     0.0066  0.1362601  0.000e+00
       3856     19.919     8.6078     8.4118   3.268279   3.262780     0.5102     0.5786     0.0066  0.1362601  0.000e+00
       3857     19.919     8.5896     8.4486   3.268130   3.262655     0.5102     0.5786     0.0066  0.1362601  0.000e+00
       3858     19.919     8.5710     8.4997   3.267843   3.262643     0.5102     0.5774     0.0066  0.1362601  0.000e+00
       3859     19.919     8.5634     8.5201   3.267425   3.262762     0.5102     0.5786     0.0066  0.1362601  0.000e+00
       3860     19.919     8.5705     8.5400   3.267047   3.262999     0.5102     0.5786     0.0066  0.1362601  0.000e+00
       3861     19.919     8.5873     8.5566   3.266823   3.263135     0.5090     0.5786     0.0066  0.1362601  0.000e+00
       3862     19.919     8.6013     8.5543   3.266737   3.263158     0.5090     0.5786     0.0066  0.1362601  0.000e+00
       3863     19.968     8.6068     8.5431   3.266474   3.263175     0.5102     0.5786     0.0066  0.1362601  0.000e+00
       3864     19.919     8.6055     8.5303   3.266216   3.263050     0.5102     0.5786     0.0066  0.1362601  0.000e+00
       3865     19.919     8.6004     8.5113   3.266113   3.262960     0.5102     0.5774     0.0066  0.1362601  0.000e+00
       3866     19.919     8.5909     8.4930   3.266233   3.263085     0.5090     0.5786     0.0066  0.1362601  0.000e+00
       3867     19.919     8.5797     8.4928   3.266411   3.263147     0.5090     0.5786     0.0066  0.1362601  0.000e+00
       3868     19.919     8.5657     8.5105   3.266543   3.263198     0.5102     0.5774     0.0066  0.1362601  0.000e+00
       3869     19.919     8.5519     8.5194   3.266486   3.263232     0.5102     0.5774     0.0066  0.1362601  0.000e+00
       3870     19.919     8.5423     8.5181   3.266320   3.263424     0.5102     0.5786     0.0066  0.1362601  0.000e+00
       3871     19.919     8.5363     8.5290   3.266280   3.263951     0.5102     0.5786     0.0066  0.1362601  0.000e+00
       3872     19.968     8.5331     8.5445   3.266412   3.264636     0.5102     0.5774     0.0066  0.1362601  0.000e+00
       3873     19.919     8.5296     8.5480   3.266429   3.265457     0.5102     0.5774     0.0066  0.1362601  0.000e+00
       3874     19.919     8.5244     8.5408   3.266200   3.266272     0.5102     0.5774     0.0066  0.1362601  0.000e+00
       3875     19.919     8.5165     8.5352   3.265799   3.266782     0.5102     0.5774     0.0068  0.1387021  0.000e+00
       3876     19.919     8.5111     8.5354   3.265621   3.267088     0.5102     0.5774     0.0071  0.1426093  0.000e+00
       3877     19.919     8.5125     8.5453   3.265484   3.267173     0.5090     0.5774     0.0073  0.1440745  0.000e+00
       3878     19.919     8.5157     8.5694   3.265260   3.267201     0.5102     0.5774     0.0073  0.1435861  0.000e+00
       3879     19.919     8.5003     8.6036   3.264739   3.267212     0.5114     0.5774     0.0073  0.1435861  0.000e+00
       3880     19.968     8.4771     8.6389   3.264258   3.267211     0.5102     0.5774     0.0073  0.1435861  0.000e+00
       3881     19.919     8.4489     8.6667   3.264081   3.267211     0.5102     0.5774     0.0073  0.1435861  0.000e+00
       3882     19.919     8.4117     8.6850   3.263864   3.267211     0.5102     0.5774     0.0073  0.1435861  0.000e+00
       3883     19.919     8.3826     8.6965   3.263457   3.267137     0.5114     0.5774     0.0073  0.1435861  0.000e+00
       3884     19.919     8.3878     8.7020   3.263079   3.267165     0.5102     0.5774     0.0073  0.1435861  0.000e+00
       3885     19.919     8.4273     8.7086   3.263010   3.267426     0.5102     0.5774     0.0073  0.1435861  0.000e+00
       3886     19.919     8.4692     8.7228   3.262964   3.267839     0.5102     0.5774     0.0073  0.1435861  0.000e+00
       3887     19.985     8.4933     8.7369   3.262775   3.268309     0.5102     0.5762     0.0073  0.1435861  0.000e+00
       3888     19.919     8.5037     8.7434   3.262700   3.268592     0.5114     0.5774     0.0073  0.1435861  0.000e+00
       3889     19.911     8.5103     8.7540   3.262815   3.268790     0.5114     0.5774     0.0073  0.1435861  0.000e+00
       3890     19.919     8.5154     8.7465   3.262643   3.268955     0.5102     0.5774     0.0073  0.1435861  0.000e+00
       3891     19.919     8.5034     8.7312   3.262351   3.269080     0.5102     0.5774     0.0073  0.1435861  0.000e+00
       3892     19.985     8.4786     8.7100   3.262323   3.269165     0.5102     0.5762     0.0073  0.1435861  0.000e+00
       3893     19.919     8.4664     8.6974   3.262162   3.269171     0.5114     0.5774     0.0073  0.1435861  0.000e+00
       3894     19.919     8.4683     8.6836   3.261767   3.269346     0.5102     0.5774     0.0073  0.1435861  0.000e+00
       3895     19.919     8.4765     8.6617   3.261676   3.269584     0.5102     0.5774     0.0073  0.1435861  0.000e+00
       3896     19.919     8.4829     8.6437   3.261624   3.269715     0.5102     0.5774     0.0073  0.1435861  0.000e+00
       3897     19.968     8.4580     8.6277   3.261223   3.269823     0.5102     0.5774     0.0073  0.1435861  0.000e+00
       3898     19.919     8.3959     8.6319   3.261138   3.269936     0.5114     0.5774     0.0073  0.1435861  0.000e+00
       3899     19.919     8.3429     8.6483   3.260956   3.270083     0.5114     0.5774     0.0073  0.1435861  0.000e+00
       3900     19.919     8.3156     8.6605   3.260624   3.270055     0.5102     0.5774     0.0073  0.1435861  0.000e+00
       3901     19.919     8.3020     8.6694   3.260624   3.269851     0.5102     0.5774     0.0071  0.1445629  0.000e+00
       3902     19.919     8.2966     8.6751   3.260544   3.269834     0.5114     0.5774     0.0071  0.1450513  0.000e+00
       3903     19.985     8.2984     8.6776   3.260372   3.269896     0.5114     0.5774     0.0071  0.1450513  0.000e+00
       3904     19.919     8.3118     8.6799   3.260527   3.269941     0.5102     0.5774     0.0071  0.1450513  0.000e+00
       3905     19.919     8.3254     8.6851   3.260280   3.269918     0.5102     0.5774     0.0071  0.1450513  0.000e+00
       3906     19.968     8.3341     8.6879   3.260114   3.270066     0.5102     0.5774     0.0071  0.1445629  0.000e+00
       3907     19.919     8.3421     8.7008   3.260223   3.270298     0.5114     0.5774     0.0071  0.1450513  0.000e+00
       3908     19.919     8.3548     8.7367   3.259977   3.270717     0.5114     0.5774     0.0071  0.1450513  0.000e+00
       3909     19.919     8.3688     8.7783   3.260016   3.271232     0.5102     0.5774     0.0071  0.1450513  0.000e+00
       3910     19.919     8.3850     8.8093   3.260262   3.271855     0.5102     0.5774     0.0071  0.1450513  0.000e+00
       3911     19.919     8.4011     8.8255   3.260102   3.272416     0.5102     0.5774     0.0071  0.1450513  0.000e+00
       3912     19.985     8.4143     8.8291   3.260319   3.272864     0.5114     0.5774     0.0071  0.1450513  0.000e+00
       3913     19.919     8.4216     8.8301   3.260485   3.273147     0.5114     0.5774     0.0071  0.1450513  0.000e+00
       3914     19.911     8.4294     8.8219   3.260394   3.273175     0.5102     0.5774     0.0071  0.1450513  0.000e+00
       3915     19.985     8.4382     8.7957   3.260645   3.273130     0.5102     0.5774     0.0071  0.1450513  0.000e+00
       3916     19.861     8.4475     8.7713   3.260743   3.273136     0.5102     0.5774     0.0071  0.1450513  0.000e+00
       3917     19.985     8.4543     8.7396   3.260828   3.272989     0.5114     0.5774     0.0071  0.1450513  0.000e+00
       3918     19.919     8.4586     8.7064   3.261258   3.273007     0.5102     0.5774     0.0071  0.1450513  0.000e+00
       3919     19.919     8.4598     8.6847   3.261464   3.273228     0.5102     0.5774     0.0071  0.1450513  0.000e+00
       3920     19.919     8.4572     8.6785   3.261590   3.273200     0.5102     0.5774     0.0071  0.1450513  0.000e+00
       3921     19.985     8.4557     8.6728   3.262094   3.273222     0.5102     0.5774     0.0071  0.1450513  0.000e+00
       3922     19.919     8.4558     8.6575   3.262346   3.273256     0.5102     0.5774     0.0071  0.1450513  0.000e+00
       3923     19.911     8.4553     8.6447   3.262369   3.273081     0.5102     0.5774     0.0071  0.1450513  0.000e+00
       3924     19.919     8.4539     8.6422   3.262546   3.272894     0.5102     0.5774     0.0071  0.1450513  0.000e+00
       3925     19.985     8.4555     8.6452   3.262833   3.272735     0.5102     0.5774     0.0071  0.1450513  0.000e+00
       3926     19.919     8.4599     8.6494   3.262861   3.272406     0.5102     0.5774     0.0071  0.1450513  0.000e+00
       3927     19.919     8.4670     8.6507   3.262884   3.272134     0.5102     0.5774     0.0075  0.1450513  0.000e+00
       3928     19.919     8.4793     8.6493   3.263078   3.271896     0.5102     0.5774     0.0077  0.1450513  0.000e+00
       3929     19.861     8.5060     8.6468   3.263015   3.271505     0.5090     0.5774     0.0077  0.1450513  0.000e+00
       3930     20.043     8.5519     8.6465   3.262832   3.271194     0.5090     0.5774     0.0077  0.1450513  0.000e+00
       3931     19.919     8.5749     8.6484   3.262826   3.270995     0.5102     0.5774     0.0075  0.1450513  0.000e+00
       3932     19.911     8.5511     8.6484   3.263227   3.270769     0.5102     0.5774     0.0075  0.1450513  0.000e+00
       3933     19.985     8.5183     8.6314   3.263462   3.270514     0.5102     0.5774     0.0075  0.1450513  0.000e+00
       3934     19.919     8.4985     8.5911   3.263651   3.270446     0.5078     0.5774     0.0077  0.1450513  0.000e+00
