data/2021/ctd_data_day1/Station 2 210921_ctm_fil_le_der.cnv
* Sea-Bird SBE 9 Data File:
* FileName = C:\Users\CTD-User\Desktop\MAR440\Station 2 210921.hex
* Software Version Seasave V 7.26.2.13
* Temperature SN = 6313
* Conductivity SN = 4758
* Number of Bytes Per Scan = 30
* Number of Voltage Words = 4
* Number of Scans Averaged by the Deck Unit = 1
* NMEA baud rate = 4800
** Ship:
** Station:
** Operator:
# nquan = 16                                
# nvalues = 6110                        
# units = specified
# name 0 = scan: Scan Count
# name 1 = prDM: Pressure, Digiquartz [db]
# name 2 = t090C: Temperature [ITS-90, deg C]
# name 3 = t190C: Temperature, 2 [ITS-90, deg C]
# name 4 = c0S/m: Conductivity [S/m]
# name 5 = c1S/m: Conductivity, 2 [S/m]
# name 6 = sbeox0V: Oxygen raw, SBE 43 [V]
# name 7 = sbeox1V: Oxygen raw, SBE 43, 2 [V]
# name 8 = flECO-AFL: Fluorescence, WET Labs ECO-AFL/FL [mg/m^3]
# name 9 = upoly0: Upoly 0, Turbidity
# name 10 = depSM: Depth [salt water, m], lat = 59
# name 11 = sal00: Salinity, Practical [PSU]
# name 12 = sal11: Salinity, Practical, 2 [PSU]
# name 13 = sbeox0ML/L: Oxygen, SBE 43 [ml/l], WS = 2
# name 14 = sbeox1ML/L: Oxygen, SBE 43, 2 [ml/l], WS = 2
# name 15 = flag: flag
# span 0 =          1,       6110       
# span 1 =      0.272,     43.391       
# span 2 =     7.9822,    16.1562       
# span 3 =     7.9816,    16.1577       
# span 4 =  -0.000572,   3.484935       
# span 5 =   1.131490,   3.486137       
# span 6 =     0.4727,     3.0246       
# span 7 =     0.5280,     2.8397       
# span 8 =     0.0033,     0.0408       
# span 9 =  0.0809230,  0.2244552       
# span 10 =      0.269,     42.981      
# span 11 =     0.0000,    32.1406      
# span 12 =     0.0000,    32.1477      
# span 13 =    -0.1372,     9.2111      
# span 14 =     0.1552,     6.0982      
# span 15 = 0.0000e+00, 0.0000e+00      
# interval = seconds: 0.0416667
# start_time = Sep 21 2021 09:07:42 [System UTC, header]
# bad_flag = -9.990e-29
*END*
[from data line 5515]
       5516     36.187     8.7046     8.7053   3.414380   3.415270     0.4846     0.5407     0.0040  0.1144574     35.846    32.1194    32.1280    -0.1013     0.1869 0.0000e+00
       5517     36.210     8.7046     8.7053   3.414388   3.415278     0.4845     0.5407     0.0040  0.1144728     35.868    32.1195    32.1281    -0.1017     0.1869 0.0000e+00
       5518     36.232     8.7046     8.7053   3.414397   3.415285     0.4845     0.5407     0.0040  0.1144896     35.890    32.1195    32.1282    -0.1018     0.1869 0.0000e+00
       5519     36.254     8.7046     8.7052   3.414405   3.415292     0.4845     0.5406     0.0040  0.1145079     35.912    32.1196    32.1283    -0.1019     0.1866 0.0000e+00
       5520     36.277     8.7045     8.7052   3.414413   3.415299     0.4845     0.5406     0.0040  0.1145269     35.935    32.1198    32.1284    -0.1020     0.1866 0.0000e+00
       5521     36.299     8.7045     8.7052   3.414421   3.415307     0.4844     0.5406     0.0040  0.1145450     35.956    32.1199    32.1285    -0.1024     0.1866 0.0000e+00
       5522     36.321     8.7045     8.7052   3.414429   3.415315     0.4844     0.5406     0.0040  0.1145615     35.978    32.1199    32.1285    -0.1025     0.1865 0.0000e+00
       5523     36.343     8.7045     8.7051   3.414437   3.415322     0.4844     0.5405     0.0040  0.1145766     36.000    32.1200    32.1287    -0.1026     0.1862 0.0000e+00
       5524     36.366     8.7044     8.7051   3.414446   3.415330     0.4844     0.5405     0.0040  0.1145904     36.023    32.1202    32.1288    -0.1026     0.1862 0.0000e+00
       5525     36.388     8.7044     8.7051   3.414454   3.415339     0.4843     0.5405     0.0040  0.1146029     36.045    32.1203    32.1289    -0.1030     0.1862 0.0000e+00
       5526     36.410     8.7044     8.7050   3.414463   3.415347     0.4843     0.5405     0.0040  0.1146142     36.066    32.1203    32.1290    -0.1031     0.1862 0.0000e+00
       5527     36.433     8.7043     8.7050   3.414472   3.415357     0.4843     0.5404     0.0040  0.1146253     36.089    32.1205    32.1291    -0.1031     0.1859 0.0000e+00
       5528     36.455     8.7043     8.7050   3.414481   3.415367     0.4842     0.5404     0.0040  0.1146371     36.111    32.1206    32.1292    -0.1035     0.1859 0.0000e+00
       5529     36.477     8.7043     8.7049   3.414491   3.415378     0.4842     0.5404     0.0040  0.1146488     36.133    32.1207    32.1294    -0.1036     0.1859 0.0000e+00
       5530     36.500     8.7042     8.7049   3.414501   3.415389     0.4842     0.5403     0.0040  0.1146596     36.156    32.1209    32.1295    -0.1037     0.1856 0.0000e+00
       5531     36.522     8.7042     8.7048   3.414510   3.415401     0.4841     0.5403     0.0040  0.1146697     36.177    32.1210    32.1297    -0.1041     0.1856 0.0000e+00
       5532     36.544     8.7041     8.7047   3.414520   3.415412     0.4841     0.5403     0.0040  0.1146791     36.199    32.1211    32.1299    -0.1042     0.1856 0.0000e+00
       5533     36.567     8.7040     8.7047   3.414530   3.415424     0.4840     0.5402     0.0040  0.1146879     36.222    32.1213    32.1300    -0.1045     0.1854 0.0000e+00
       5534     36.589     8.7040     8.7046   3.414541   3.415436     0.4840     0.5402     0.0040  0.1146960     36.244    32.1214    32.1302    -0.1047     0.1854 0.0000e+00
       5535     36.611     8.7039     8.7046   3.414552   3.415448     0.4839     0.5402     0.0040  0.1147037     36.266    32.1216    32.1304    -0.1051     0.1854 0.0000e+00
       5536     36.634     8.7038     8.7045   3.414563   3.415460     0.4839     0.5401     0.0040  0.1147109     36.288    32.1218    32.1306    -0.1052     0.1851 0.0000e+00
       5537     36.656     8.7038     8.7044   3.414574   3.415471     0.4839     0.5401     0.0040  0.1147177     36.310    32.1219    32.1308    -0.1053     0.1851 0.0000e+00
       5538     36.679     8.7037     8.7043   3.414585   3.415483     0.4838     0.5400     0.0040  0.1147241     36.333    32.1221    32.1310    -0.1058     0.1849 0.0000e+00
       5539     36.701     8.7036     8.7042   3.414595   3.415494     0.4838     0.5400     0.0040  0.1147302     36.355    32.1223    32.1312    -0.1059     0.1849 0.0000e+00
       5540     36.724     8.7036     8.7042   3.414606   3.415505     0.4837     0.5399     0.0040  0.1147360     36.377    32.1224    32.1313    -0.1063     0.1847 0.0000e+00
       5541     36.746     8.7035     8.7041   3.414617   3.415516     0.4837     0.5399     0.0040  0.1147415     36.399    32.1226    32.1315    -0.1064     0.1847 0.0000e+00
       5542     36.769     8.7034     8.7040   3.414628   3.415526     0.4837     0.5399     0.0040  0.1147469     36.422    32.1228    32.1316    -0.1066     0.1848 0.0000e+00
       5543     36.791     8.7033     8.7039   3.414639   3.415536     0.4836     0.5398     0.0040  0.1147521     36.444    32.1230    32.1318    -0.1070     0.1846 0.0000e+00
       5544     36.814     8.7032     8.7038   3.414649   3.415546     0.4836     0.5398     0.0040  0.1147572     36.467    32.1232    32.1320    -0.1071     0.1846 0.0000e+00
       5545     36.836     8.7031     8.7037   3.414659   3.415555     0.4836     0.5398     0.0040  0.1147621     36.488    32.1234    32.1322    -0.1071     0.1846 0.0000e+00
       5546     36.859     8.7030     8.7036   3.414668   3.415564     0.4836     0.5397     0.0038  0.1147671     36.511    32.1235    32.1324    -0.1072     0.1844 0.0000e+00
       5547     36.881     8.7029     8.7035   3.414676   3.415573     0.4835     0.5397     0.0038  0.1147720     36.533    32.1237    32.1325    -0.1076     0.1844 0.0000e+00
       5548     36.904     8.7028     8.7034   3.414684   3.415582     0.4835     0.5397     0.0040  0.1147769     36.556    32.1239    32.1327    -0.1077     0.1844 0.0000e+00
       5549     36.926     8.7028     8.7033   3.414692   3.415590     0.4834     0.5396     0.0040  0.1147818     36.578    32.1240    32.1329    -0.1080     0.1842 0.0000e+00
       5550     36.949     8.7027     8.7032   3.414699   3.415599     0.4834     0.5396     0.0040  0.1147869     36.600    32.1241    32.1330    -0.1081     0.1842 0.0000e+00
       5551     36.971     8.7026     8.7031   3.414706   3.415607     0.4834     0.5396     0.0038  0.1147920     36.622    32.1243    32.1332    -0.1081     0.1843 0.0000e+00
       5552     36.994     8.7025     8.7030   3.414713   3.415614     0.4833     0.5396     0.0038  0.1147973     36.645    32.1244    32.1334    -0.1084     0.1843 0.0000e+00
       5553     37.016     8.7024     8.7029   3.414720   3.415621     0.4833     0.5396     0.0040  0.1148028     36.667    32.1246    32.1335    -0.1085     0.1843 0.0000e+00
       5554     37.039     8.7023     8.7028   3.414726   3.415627     0.4832     0.5395     0.0038  0.1148085     36.689    32.1247    32.1337    -0.1088     0.1841 0.0000e+00
       5555     37.061     8.7022     8.7027   3.414732   3.415633     0.4832     0.5395     0.0040  0.1148145     36.711    32.1249    32.1338    -0.1088     0.1841 0.0000e+00
       5556     37.083     8.7021     8.7026   3.414738   3.415639     0.4831     0.5395     0.0038  0.1148207     36.733    32.1250    32.1339    -0.1091     0.1841 0.0000e+00
       5557     37.106     8.7020     8.7025   3.414744   3.415644     0.4831     0.5395     0.0038  0.1148273     36.756    32.1251    32.1341    -0.1090     0.1842 0.0000e+00
       5558     37.128     8.7019     8.7024   3.414750   3.415649     0.4830     0.5395     0.0038  0.1148344     36.778    32.1253    32.1342    -0.1094     0.1842 0.0000e+00
       5559     37.151     8.7018     8.7023   3.414757   3.415654     0.4830     0.5394     0.0038  0.1148418     36.800    32.1254    32.1343    -0.1094     0.1839 0.0000e+00
       5560     37.173     8.7017     8.7022   3.414763   3.415658     0.4829     0.5394     0.0040  0.1148498     36.822    32.1256    32.1345    -0.1097     0.1839 0.0000e+00
       5561     37.196     8.7016     8.7021   3.414768   3.415662     0.4828     0.5394     0.0040  0.1148583     36.845    32.1257    32.1346    -0.1099     0.1840 0.0000e+00
       5562     37.218     8.7014     8.7020   3.414774   3.415666     0.4828     0.5394     0.0038  0.1148674     36.867    32.1259    32.1347    -0.1099     0.1840 0.0000e+00
       5563     37.240     8.7013     8.7019   3.414779   3.415669     0.4827     0.5394     0.0040  0.1148772     36.889    32.1261    32.1348    -0.1102     0.1840 0.0000e+00
       5564     37.263     8.7012     8.7018   3.414784   3.415673     0.4827     0.5393     0.0038  0.1148878     36.911    32.1262    32.1350    -0.1101     0.1837 0.0000e+00
       5565     37.285     8.7011     8.7017   3.414790   3.415677     0.4826     0.5393     0.0038  0.1148991     36.933    32.1264    32.1351    -0.1104     0.1837 0.0000e+00
       5566     37.308     8.7010     8.7016   3.414795   3.415680     0.4826     0.5393     0.0038  0.1149114     36.956    32.1265    32.1352    -0.1103     0.1837 0.0000e+00
       5567     37.330     8.7009     8.7015   3.414800   3.415683     0.4826     0.5393     0.0040  0.1149246     36.978    32.1266    32.1353    -0.1101     0.1837 0.0000e+00
       5568     37.352     8.7008     8.7014   3.414805   3.415685     0.4825     0.5392     0.0038  0.1149389     36.999    32.1268    32.1354    -0.1104     0.1834 0.0000e+00
       5569     37.375     8.7007     8.7013   3.414810   3.415688     0.4825     0.5392     0.0038  0.1149544     37.022    32.1269    32.1355    -0.1103     0.1834 0.0000e+00
       5570     37.397     8.7006     8.7012   3.414815   3.415690     0.4824     0.5392     0.0038  0.1149711     37.044    32.1270    32.1356    -0.1105     0.1834 0.0000e+00
       5571     37.420     8.7005     8.7011   3.414819   3.415693     0.4824     0.5391     0.0040  0.1149893     37.067    32.1271    32.1357    -0.1104     0.1831 0.0000e+00
       5572     37.442     8.7004     8.7010   3.414823   3.415695     0.4824     0.5391     0.0040  0.1150081     37.089    32.1273    32.1358    -0.1103     0.1831 0.0000e+00
       5573     37.464     8.7003     8.7009   3.414826   3.415697     0.4823     0.5391     0.0040  0.1150260     37.110    32.1274    32.1359    -0.1104     0.1831 0.0000e+00
       5574     37.487     8.7002     8.7008   3.414829   3.415699     0.4823     0.5390     0.0040  0.1150423     37.133    32.1275    32.1360    -0.1103     0.1828 0.0000e+00
       5575     37.509     8.7000     8.7006   3.414832   3.415701     0.4823     0.5390     0.0040  0.1150580     37.155    32.1277    32.1362    -0.1102     0.1828 0.0000e+00
       5576     37.531     8.6999     8.7005   3.414834   3.415703     0.4822     0.5389     0.0040  0.1150739     37.177    32.1278    32.1363    -0.1104     0.1825 0.0000e+00
       5577     37.553     8.6998     8.7004   3.414836   3.415705     0.4822     0.5389     0.0040  0.1150895     37.199    32.1279    32.1364    -0.1102     0.1825 0.0000e+00
       5578     37.575     8.6997     8.7003   3.414838   3.415706     0.4822     0.5389     0.0040  0.1151038     37.220    32.1280    32.1365    -0.1101     0.1825 0.0000e+00
       5579     37.598     8.6996     8.7002   3.414840   3.415708     0.4821     0.5389     0.0040  0.1151170     37.243    32.1281    32.1366    -0.1102     0.1825 0.0000e+00
       5580     37.620     8.6995     8.7001   3.414842   3.415709     0.4821     0.5388     0.0040  0.1151293     37.265    32.1282    32.1367    -0.1101     0.1822 0.0000e+00
       5581     37.642     8.6994     8.7000   3.414845   3.415710     0.4821     0.5388     0.0040  0.1151407     37.287    32.1283    32.1368    -0.1100     0.1823 0.0000e+00
       5582     37.664     8.6993     8.6999   3.414847   3.415712     0.4820     0.5388     0.0040  0.1151512     37.308    32.1284    32.1369    -0.1101     0.1823 0.0000e+00
       5583     37.686     8.6992     8.6998   3.414849   3.415713     0.4820     0.5387     0.0040  0.1151610     37.330    32.1285    32.1370    -0.1100     0.1821 0.0000e+00
       5584     37.708     8.6991     8.6997   3.414851   3.415715     0.4820     0.5387     0.0040  0.1151701     37.352    32.1286    32.1371    -0.1098     0.1821 0.0000e+00
       5585     37.731     8.6990     8.6996   3.414853   3.415717     0.4820     0.5387     0.0040  0.1151786     37.375    32.1287    32.1372    -0.1097     0.1821 0.0000e+00
       5586     37.753     8.6989     8.6995   3.414855   3.415718     0.4820     0.5387     0.0040  0.1151866     37.397    32.1288    32.1373    -0.1096     0.1822 0.0000e+00
       5587     37.775     8.6988     8.6994   3.414857   3.415720     0.4819     0.5387     0.0040  0.1151940     37.418    32.1289    32.1374    -0.1098     0.1822 0.0000e+00
       5588     37.797     8.6987     8.6993   3.414858   3.415722     0.4819     0.5386     0.0040  0.1152010     37.440    32.1290    32.1375    -0.1097     0.1820 0.0000e+00
       5589     37.819     8.6986     8.6992   3.414859   3.415724     0.4819     0.5386     0.0040  0.1152076     37.462    32.1291    32.1376    -0.1096     0.1821 0.0000e+00
       5590     37.841     8.6985     8.6991   3.414860   3.415726     0.4819     0.5386     0.0040  0.1152138     37.484    32.1292    32.1377    -0.1096     0.1821 0.0000e+00
       5591     37.863     8.6984     8.6991   3.414861   3.415727     0.4819     0.5385     0.0040  0.1152197     37.506    32.1293    32.1377    -0.1095     0.1819 0.0000e+00
       5592     37.885     8.6984     8.6990   3.414862   3.415728     0.4818     0.5385     0.0040  0.1152254     37.527    32.1293    32.1378    -0.1098     0.1820 0.0000e+00
       5593     37.907     8.6983     8.6989   3.414863   3.415729     0.4818     0.5385     0.0040  0.1152308     37.549    32.1294    32.1379    -0.1097     0.1820 0.0000e+00
       5594     37.928     8.6982     8.6988   3.414864   3.415730     0.4818     0.5385     0.0040  0.1152360     37.570    32.1295    32.1380    -0.1097     0.1821 0.0000e+00
       5595     37.950     8.6981     8.6987   3.414865   3.415732     0.4817     0.5384     0.0040  0.1152411     37.592    32.1296    32.1381    -0.1100     0.1818 0.0000e+00
       5596     37.972     8.6981     8.6987   3.414866   3.415733     0.4817     0.5384     0.0040  0.1152460     37.614    32.1296    32.1381    -0.1099     0.1818 0.0000e+00
       5597     37.993     8.6980     8.6986   3.414868   3.415734     0.4817     0.5384     0.0040  0.1152508     37.634    32.1297    32.1382    -0.1099     0.1818 0.0000e+00
       5598     38.015     8.6979     8.6985   3.414869   3.415736     0.4816     0.5384     0.0040  0.1152556     37.656    32.1298    32.1383    -0.1102     0.1819 0.0000e+00
       5599     38.037     8.6979     8.6985   3.414869   3.415737     0.4816     0.5384     0.0040  0.1152604     37.678    32.1297    32.1383    -0.1102     0.1819 0.0000e+00
       5600     38.058     8.6978     8.6984   3.414870   3.415738     0.4816     0.5384     0.0040  0.1152651     37.699    32.1298    32.1384    -0.1101     0.1819 0.0000e+00
       5601     38.080     8.6977     8.6983   3.414870   3.415739     0.4816     0.5383     0.0040  0.1152699     37.721    32.1299    32.1385    -0.1101     0.1815 0.0000e+00
       5602     38.101     8.6977     8.6983   3.414870   3.415740     0.4816     0.5383     0.0040  0.1152748     37.741    32.1299    32.1385    -0.1101     0.1815 0.0000e+00
       5603     38.122     8.6976     8.6982   3.414870   3.415742     0.4816     0.5383     0.0040  0.1152798     37.762    32.1300    32.1386    -0.1101     0.1815 0.0000e+00
       5604     38.143     8.6976     8.6981   3.414870   3.415743     0.4815     0.5383     0.0040  0.1152850     37.783    32.1300    32.1386    -0.1104     0.1815 0.0000e+00
