data/2021/ctd_data_day1/Station 3 210921_ctm_fil_le_der.cnv
* Sea-Bird SBE 9 Data File:
* FileName = C:\Users\CTD-User\Desktop\MAR440\Station 3 210921.hex
* Software Version Seasave V 7.26.2.13
* Temperature SN = 6313
* Conductivity SN = 4758
* Number of Bytes Per Scan = 30
* Number of Voltage Words = 4
* Number of Scans Averaged by the Deck Unit = 1
* NMEA baud rate = 4800
** Ship:
** Station:
** Operator:
# nquan = 16                                
# nvalues = 5414                        
# units = specified
# name 0 = scan: Scan Count
# name 1 = prDM: Pressure, Digiquartz [db]
# name 2 = t090C: Temperature [ITS-90, deg C]
# name 3 = t190C: Temperature, 2 [ITS-90, deg C]
# name 4 = c0S/m: Conductivity [S/m]
# name 5 = c1S/m: Conductivity, 2 [S/m]
# name 6 = sbeox0V: Oxygen raw, SBE 43 [V]
# name 7 = sbeox1V: Oxygen raw, SBE 43, 2 [V]
# name 8 = flECO-AFL: Fluorescence, WET Labs ECO-AFL/FL [mg/m^3]
# name 9 = upoly0: Upoly 0, Turbidity
# name 10 = depSM: Depth [salt water, m], lat = 59
# name 11 = sal00: Salinity, Practical [PSU]
# name 12 = sal11: Salinity, Practical, 2 [PSU]
# name 13 = sbeox0ML/L: Oxygen, SBE 43 [ml/l], WS = 2
# name 14 = sbeox1ML/L: Oxygen, SBE 43, 2 [ml/l], WS = 2
# name 15 = flag: flag
# span 0 =          1,       5414       
# span 1 =      1.557,     20.473       
# span 2 =     8.0027,    16.1522       
# span 3 =     8.0029,    16.1543       
# span 4 =   2.929389,   3.478761       
# span 5 =   2.988908,   3.479888       
# span 6 =     0.4661,     2.8108       
# span 7 =     0.5272,     2.6596       
# span 8 =     0.0033,     0.0092       
# span 9 =  0.0887572,  0.1879272       
# span 10 =      1.542,     20.281      
# span 11 =    22.9290,    30.8805      
# span 12 =    23.2306,    30.8814      
# span 13 =    -0.1600,     6.8210      
# span 14 =     0.1557,     5.6113      
# span 15 = 0.0000e+00, 0.0000e+00      
# interval = seconds: 0.0416667
# start_time = Sep 21 2021 09:31:52 [System UTC, header]
# bad_flag = -9.990e-29
*END*
[from data line 2893]
       2894     15.886    11.9861    11.9901   3.478680   3.479797     1.2799     1.2912     0.0038  0.0893147     15.737    29.9688    29.9763     1.8211     1.7614 0.0000e+00
       2895     15.903    11.9798    11.9838   3.478734   3.479855     1.2767     1.2882     0.0038  0.0892931     15.754    29.9744    29.9819     1.8159     1.7575 0.0000e+00
       2896     15.920    11.9734    11.9774   3.478761   3.479886     1.2735     1.2852     0.0038  0.0892711     15.771    29.9798    29.9873     1.8108     1.7537 0.0000e+00
       2897     15.936    11.9669    11.9708   3.478761   3.479888     1.2703     1.2823     0.0040  0.0892483     15.786    29.9850    29.9926     1.8057     1.7501 0.0000e+00
       2898     15.953    11.9604    11.9642   3.478737   3.479864     1.2672     1.2794     0.0038  0.0892246     15.803    29.9900    29.9977     1.8009     1.7466 0.0000e+00
       2899     15.970    11.9537    11.9575   3.478687   3.479814     1.2641     1.2766     0.0038  0.0891999     15.820    29.9949    30.0026     1.7962     1.7433 0.0000e+00
       2900     15.987    11.9469    11.9506   3.478614   3.479739     1.2611     1.2737     0.0040  0.0891740     15.837    29.9996    30.0074     1.7917     1.7398 0.0000e+00
       2901     16.004    11.9399    11.9436   3.478517   3.479641     1.2580     1.2709     0.0040  0.0891467     15.854    30.0043    30.0121     1.7870     1.7365 0.0000e+00
       2902     16.020    11.9328    11.9365   3.478398   3.479519     1.2550     1.2682     0.0038  0.0891178     15.870    30.0089    30.0166     1.7826     1.7335 0.0000e+00
       2903     16.037    11.9255    11.9292   3.478256   3.479375     1.2521     1.2655     0.0040  0.0890871     15.886    30.0134    30.0211     1.7785     1.7305 0.0000e+00
       2904     16.054    11.9180    11.9217   3.478091   3.479206     1.2492     1.2628     0.0038  0.0890545     15.903    30.0178    30.0255     1.7745     1.7275 0.0000e+00
       2905     16.071    11.9103    11.9140   3.477900   3.479013     1.2463     1.2601     0.0038  0.0890196     15.920    30.0222    30.0299     1.7704     1.7245 0.0000e+00
       2906     16.088    11.9024    11.9062   3.477683   3.478793     1.2434     1.2575     0.0038  0.0889831     15.937    30.0265    30.0341     1.7663     1.7218 0.0000e+00
       2907     16.105    11.8944    11.8982   3.477439   3.478547     1.2406     1.2549     0.0038  0.0889473     15.954    30.0306    30.0381     1.7624     1.7190 0.0000e+00
       2908     16.121    11.8862    11.8900   3.477171   3.478275     1.2377     1.2523     0.0040  0.0889145     15.970    30.0346    30.0421     1.7583     1.7162 0.0000e+00
       2909     16.138    11.8779    11.8816   3.476880   3.477978     1.2350     1.2498     0.0038  0.0888853     15.987    30.0385    30.0461     1.7548     1.7137 0.0000e+00
       2910     16.155    11.8695    11.8732   3.476567   3.477659     1.2322     1.2473     0.0038  0.0888594     16.003    30.0423    30.0498     1.7509     1.7111 0.0000e+00
       2911     16.172    11.8610    11.8646   3.476237   3.477322     1.2295     1.2448     0.0040  0.0888368     16.020    30.0460    30.0535     1.7474     1.7086 0.0000e+00
       2912     16.189    11.8524    11.8560   3.475892   3.476969     1.2268     1.2423     0.0040  0.0888173     16.037    30.0496    30.0570     1.7438     1.7060 0.0000e+00
       2913     16.206    11.8438    11.8474   3.475536   3.476603     1.2241     1.2399     0.0038  0.0888007     16.054    30.0531    30.0604     1.7402     1.7036 0.0000e+00
       2914     16.222    11.8352    11.8386   3.475170   3.476226     1.2214     1.2375     0.0038  0.0887869     16.070    30.0565    30.0639     1.7365     1.7013 0.0000e+00
       2915     16.239    11.8266    11.8298   3.474795   3.475839     1.2188     1.2352     0.0040  0.0887758     16.087    30.0599    30.0673     1.7332     1.6991 0.0000e+00
       2916     16.256    11.8179    11.8209   3.474412   3.475444     1.2162     1.2328     0.0038  0.0887673     16.103    30.0632    30.0707     1.7298     1.6967 0.0000e+00
       2917     16.273    11.8091    11.8120   3.474019   3.475040     1.2136     1.2306     0.0038  0.0887614     16.120    30.0665    30.0740     1.7263     1.6947 0.0000e+00
       2918     16.290    11.8002    11.8030   3.473618   3.474628     1.2111     1.2283     0.0038  0.0887581     16.137    30.0699    30.0773     1.7231     1.6924 0.0000e+00
       2919     16.307    11.7913    11.7939   3.473209   3.474209     1.2086     1.2261     0.0040  0.0887572     16.154    30.0731    30.0806     1.7199     1.6904 0.0000e+00
       2920     16.324    11.7823    11.7847   3.472793   3.473783     1.2061     1.2238     0.0040  0.0887589     16.171    30.0764    30.0840     1.7166     1.6881 0.0000e+00
       2921     16.341    11.7732    11.7755   3.472371   3.473351     1.2037     1.2217     0.0038  0.0887631     16.188    30.0797    30.0873     1.7136     1.6862 0.0000e+00
       2922     16.358    11.7641    11.7663   3.471943   3.472915     1.2012     1.2195     0.0038  0.0887698     16.204    30.0829    30.0905     1.7102     1.6839 0.0000e+00
       2923     16.375    11.7550    11.7571   3.471510   3.472474     1.1989     1.2174     0.0040  0.0887792     16.221    30.0861    30.0937     1.7074     1.6819 0.0000e+00
       2924     16.392    11.7459    11.7478   3.471072   3.472028     1.1965     1.2153     0.0040  0.0887912     16.238    30.0893    30.0969     1.7042     1.6799 0.0000e+00
       2925     16.409    11.7367    11.7385   3.470629   3.471577     1.1941     1.2132     0.0038  0.0888059     16.255    30.0925    30.1001     1.7010     1.6777 0.0000e+00
       2926     16.426    11.7275    11.7291   3.470180   3.471122     1.1918     1.2112     0.0038  0.0888235     16.272    30.0956    30.1033     1.6980     1.6757 0.0000e+00
       2927     16.443    11.7181    11.7196   3.469723   3.470660     1.1895     1.2092     0.0038  0.0888440     16.289    30.0988    30.1066     1.6949     1.6737 0.0000e+00
       2928     16.460    11.7087    11.7101   3.469258   3.470191     1.1873     1.2072     0.0040  0.0888677     16.305    30.1019    30.1098     1.6921     1.6716 0.0000e+00
       2929     16.477    11.6991    11.7004   3.468781   3.469712     1.1850     1.2052     0.0038  0.0888946     16.322    30.1051    30.1130     1.6889     1.6694 0.0000e+00
       2930     16.494    11.6893    11.6906   3.468290   3.469218     1.1828     1.2033     0.0040  0.0889250     16.339    30.1083    30.1162     1.6860     1.6674 0.0000e+00
       2931     16.511    11.6793    11.6806   3.467782   3.468708     1.1806     1.2014     0.0038  0.0889583     16.356    30.1115    30.1194     1.6829     1.6653 0.0000e+00
       2932     16.528    11.6691    11.6703   3.467255   3.468178     1.1784     1.1995     0.0038  0.0889920     16.373    30.1147    30.1226     1.6798     1.6631 0.0000e+00
       2933     16.545    11.6587    11.6598   3.466707   3.467626     1.1763     1.1976     0.0040  0.0890239     16.390    30.1178    30.1258     1.6769     1.6609 0.0000e+00
       2934     16.562    11.6480    11.6490   3.466133   3.467050     1.1741     1.1958     0.0040  0.0890534     16.407    30.1210    30.1290     1.6736     1.6588 0.0000e+00
       2935     16.579    11.6370    11.6379   3.465533   3.466445     1.1720     1.1940     0.0038  0.0890807     16.423    30.1241    30.1322     1.6705     1.6566 0.0000e+00
       2936     16.596    11.6256    11.6265   3.464905   3.465812     1.1699     1.1922     0.0040  0.0891059     16.440    30.1273    30.1353     1.6674     1.6543 0.0000e+00
       2937     16.613    11.6139    11.6147   3.464246   3.465147     1.1679     1.1904     0.0040  0.0891293     16.457    30.1304    30.1385     1.6644     1.6519 0.0000e+00
       2938     16.630    11.6017    11.6025   3.463555   3.464450     1.1658     1.1886     0.0038  0.0891510     16.474    30.1337    30.1417     1.6611     1.6495 0.0000e+00
       2939     16.648    11.5892    11.5899   3.462830   3.463718     1.1638     1.1869     0.0040  0.0891711     16.492    30.1368    30.1448     1.6579     1.6471 0.0000e+00
       2940     16.665    11.5761    11.5767   3.462068   3.462949     1.1618     1.1851     0.0040  0.0891898     16.509    30.1401    30.1481     1.6547     1.6445 0.0000e+00
       2941     16.682    11.5626    11.5631   3.461268   3.462141     1.1598     1.1834     0.0038  0.0892073     16.525    30.1433    30.1514     1.6513     1.6420 0.0000e+00
       2942     16.699    11.5485    11.5489   3.460427   3.461291     1.1578     1.1817     0.0038  0.0892235     16.542    30.1467    30.1547     1.6478     1.6394 0.0000e+00
       2943     16.716    11.5339    11.5342   3.459544   3.460399     1.1559     1.1800     0.0038  0.0892388     16.559    30.1500    30.1580     1.6446     1.6368 0.0000e+00
       2944     16.734    11.5187    11.5189   3.458617   3.459462     1.1539     1.1783     0.0038  0.0892531     16.577    30.1534    30.1614     1.6410     1.6340 0.0000e+00
       2945     16.751    11.5029    11.5030   3.457645   3.458478     1.1520     1.1766     0.0038  0.0892665     16.594    30.1569    30.1648     1.6376     1.6312 0.0000e+00
       2946     16.768    11.4865    11.4865   3.456625   3.457446     1.1501     1.1749     0.0038  0.0892792     16.611    30.1603    30.1683     1.6341     1.6283 0.0000e+00
       2947     16.785    11.4694    11.4693   3.455558   3.456365     1.1482     1.1733     0.0038  0.0892913     16.627    30.1639    30.1718     1.6305     1.6256 0.0000e+00
       2948     16.803    11.4516    11.4516   3.454444   3.455235     1.1463     1.1716     0.0038  0.0893028     16.645    30.1676    30.1753     1.6269     1.6225 0.0000e+00
       2949     16.820    11.4332    11.4332   3.453285   3.454059     1.1444     1.1699     0.0038  0.0893138     16.662    30.1714    30.1789     1.6231     1.6194 0.0000e+00
       2950     16.837    11.4143    11.4142   3.452084   3.452840     1.1425     1.1683     0.0037  0.0893243     16.679    30.1752    30.1826     1.6193     1.6164 0.0000e+00
       2951     16.855    11.3950    11.3946   3.450848   3.451583     1.1407     1.1666     0.0038  0.0893346     16.697    30.1789    30.1864     1.6157     1.6131 0.0000e+00
       2952     16.872    11.3753    11.3747   3.449581   3.450295     1.1388     1.1649     0.0038  0.0893445     16.714    30.1827    30.1901     1.6117     1.6098 0.0000e+00
       2953     16.889    11.3553    11.3545   3.448289   3.448982     1.1370     1.1633     0.0038  0.0893543     16.730    30.1865    30.1939     1.6079     1.6066 0.0000e+00
       2954     16.906    11.3351    11.3341   3.446975   3.447648     1.1351     1.1616     0.0038  0.0893639     16.747    30.1902    30.1976     1.6036     1.6031 0.0000e+00
       2955     16.923    11.3149    11.3136   3.445646   3.446301     1.1332     1.1600     0.0038  0.0893735     16.764    30.1938    30.2013     1.5994     1.5998 0.0000e+00
       2956     16.940    11.2945    11.2931   3.444303   3.444944     1.1314     1.1583     0.0038  0.0893831     16.781    30.1974    30.2048     1.5953     1.5962 0.0000e+00
       2957     16.958    11.2741    11.2725   3.442951   3.443578     1.1295     1.1567     0.0040  0.0893927     16.799    30.2010    30.2084     1.5908     1.5928 0.0000e+00
       2958     16.975    11.2536    11.2518   3.441588   3.442203     1.1277     1.1550     0.0042  0.0894024     16.816    30.2045    30.2119     1.5866     1.5890 0.0000e+00
       2959     16.992    11.2329    11.2310   3.440211   3.440814     1.1258     1.1534     0.0042  0.0894124     16.832    30.2080    30.2155     1.5820     1.5855 0.0000e+00
       2960     17.009    11.2120    11.2100   3.438818   3.439410     1.1240     1.1517     0.0042  0.0894226     16.849    30.2116    30.2190     1.5776     1.5816 0.0000e+00
       2961     17.026    11.1908    11.1887   3.437403   3.437984     1.1221     1.1500     0.0042  0.0894332     16.866    30.2151    30.2225     1.5729     1.5778 0.0000e+00
       2962     17.044    11.1692    11.1671   3.435961   3.436532     1.1203     1.1484     0.0042  0.0894442     16.884    30.2188    30.2261     1.5684     1.5741 0.0000e+00
       2963     17.061    11.1471    11.1449   3.434487   3.435048     1.1185     1.1467     0.0042  0.0894556     16.901    30.2225    30.2298     1.5638     1.5702 0.0000e+00
       2964     17.078    11.1245    11.1222   3.432978   3.433528     1.1167     1.1451     0.0042  0.0894677     16.918    30.2263    30.2336     1.5592     1.5664 0.0000e+00
       2965     17.096    11.1013    11.0988   3.431429   3.431968     1.1148     1.1434     0.0042  0.0894804     16.935    30.2303    30.2376     1.5542     1.5624 0.0000e+00
       2966     17.113    11.0774    11.0748   3.429840   3.430365     1.1130     1.1417     0.0042  0.0894938     16.952    30.2344    30.2416     1.5495     1.5583 0.0000e+00
       2967     17.131    11.0528    11.0500   3.428204   3.428715     1.1112     1.1401     0.0042  0.0895081     16.970    30.2386    30.2459     1.5447     1.5545 0.0000e+00
       2968     17.148    11.0274    11.0244   3.426519   3.427015     1.1094     1.1384     0.0042  0.0895233     16.987    30.2430    30.2503     1.5400     1.5503 0.0000e+00
       2969     17.165    11.0011    10.9979   3.424780   3.425260     1.1076     1.1368     0.0042  0.0895395     17.004    30.2476    30.2549     1.5351     1.5464 0.0000e+00
       2970     17.183    10.9739    10.9705   3.422982   3.423444     1.1058     1.1351     0.0042  0.0895569     17.022    30.2524    30.2597     1.5302     1.5423 0.0000e+00
       2971     17.200    10.9457    10.9420   3.421121   3.421565     1.1040     1.1334     0.0042  0.0895756     17.038    30.2573    30.2647     1.5253     1.5380 0.0000e+00
       2972     17.217    10.9164    10.9125   3.419190   3.419617     1.1022     1.1318     0.0042  0.0895957     17.055    30.2625    30.2699     1.5204     1.5341 0.0000e+00
       2973     17.235    10.8861    10.8818   3.417186   3.417594     1.1004     1.1301     0.0042  0.0896174     17.073    30.2678    30.2754     1.5154     1.5298 0.0000e+00
       2974     17.252    10.8546    10.8500   3.415105   3.415493     1.0986     1.1284     0.0042  0.0896407     17.090    30.2734    30.2810     1.5103     1.5254 0.0000e+00
       2975     17.269    10.8219    10.8168   3.412943   3.413310     1.0968     1.1268     0.0042  0.0896659     17.107    30.2791    30.2870     1.5051     1.5213 0.0000e+00
       2976     17.287    10.7879    10.7823   3.410692   3.411038     1.0950     1.1251     0.0042  0.0896931     17.125    30.2851    30.2931     1.5000     1.5169 0.0000e+00
       2977     17.304    10.7526    10.7464   3.408350   3.408674     1.0931     1.1234     0.0042  0.0897225     17.142    30.2912    30.2995     1.4944     1.5124 0.0000e+00
       2978     17.321    10.7159    10.7090   3.405910   3.406214     1.0913     1.1218     0.0042  0.0897544     17.158    30.2975    30.3063     1.4891     1.5082 0.0000e+00
       2979     17.339    10.6777    10.6700   3.403369   3.403654     1.0895     1.1201     0.0042  0.0897889     17.176    30.3041    30.3133     1.4838     1.5036 0.0000e+00
       2980     17.356    10.6380    10.6296   3.400727   3.400998     1.0877     1.1184     0.0042  0.0898263     17.193    30.3109    30.3206     1.4783     1.4990 0.0000e+00
       2981     17.373    10.5970    10.5879   3.397988   3.398251     1.0859     1.1168     0.0042  0.0898669     17.210    30.3179    30.3280     1.4728     1.4945 0.0000e+00
       2982     17.391    10.5548    10.5451   3.395165   3.395427     1.0841     1.1151     0.0042  0.0899109     17.228    30.3250    30.3356     1.4671     1.4897 0.0000e+00
       2983     17.408    10.5117    10.5016   3.392269   3.392539     1.0823     1.1134     0.0044  0.0899586     17.245    30.3321    30.3432     1.4614     1.4848 0.0000e+00
