data/2021/ctd_data_day1/Station 2 210921_ctm_fil_le_der.cnv
* Sea-Bird SBE 9 Data File:
* FileName = C:\Users\CTD-User\Desktop\MAR440\Station 2 210921.hex
* Software Version Seasave V 7.26.2.13
* Temperature SN = 6313
* Conductivity SN = 4758
* Number of Bytes Per Scan = 30
* Number of Voltage Words = 4
* Number of Scans Averaged by the Deck Unit = 1
* NMEA baud rate = 4800
** Ship:
** Station:
** Operator:
# nquan = 16                                
# nvalues = 6110                        
# units = specified
# name 0 = scan: Scan Count
# name 1 = prDM: Pressure, Digiquartz [db]
# name 2 = t090C: Temperature [ITS-90, deg C]
# name 3 = t190C: Temperature, 2 [ITS-90, deg C]
# name 4 = c0S/m: Conductivity [S/m]
# name 5 = c1S/m: Conductivity, 2 [S/m]
# name 6 = sbeox0V: Oxygen raw, SBE 43 [V]
# name 7 = sbeox1V: Oxygen raw, SBE 43, 2 [V]
# name 8 = flECO-AFL: Fluorescence, WET Labs ECO-AFL/FL [mg/m^3]
# name 9 = upoly0: Upoly 0, Turbidity
# name 10 = depSM: Depth [salt water, m], lat = 59
# name 11 = sal00: Salinity, Practical [PSU]
# name 12 = sal11: Salinity, Practical, 2 [PSU]
# name 13 = sbeox0ML/L: Oxygen, SBE 43 [ml/l], WS = 2
# name 14 = sbeox1ML/L: Oxygen, SBE 43, 2 [ml/l], WS = 2
# name 15 = flag: flag
# span 0 =          1,       6110       
# span 1 =      0.272,     43.391       
# span 2 =     7.9822,    16.1562       
# span 3 =     7.9816,    16.1577       
# span 4 =  -0.000572,   3.484935       
# span 5 =   1.131490,   3.486137       
# span 6 =     0.4727,     3.0246       
# span 7 =     0.5280,     2.8397       
# span 8 =     0.0033,     0.0408       
# span 9 =  0.0809230,  0.2244552       
# span 10 =      0.269,     42.981      
# span 11 =     0.0000,    32.1406      
# span 12 =     0.0000,    32.1477      
# span 13 =    -0.1372,     9.2111      
# span 14 =     0.1552,     6.0982      
# span 15 = 0.0000e+00, 0.0000e+00      
# interval = seconds: 0.0416667
# start_time = Sep 21 2021 09:07:42 [System UTC, header]
# bad_flag = -9.990e-29
*END*
[from data line 1356]
       1357      9.857    15.3597    15.0893   2.763866   2.782764     2.3548     2.2787     0.0044  0.1006312      9.765    21.2932    21.6011     5.4887     4.5650 0.0000e+00
       1358      9.872    15.3366    15.0619   2.763707   2.782748     2.3547     2.2778     0.0044  0.1005175      9.779    21.3043    21.6161     5.4914     4.5674 0.0000e+00
       1359      9.886    15.3116    15.0329   2.763541   2.782731     2.3546     2.2769     0.0044  0.1003955      9.793    21.3164    21.6319     5.4944     4.5701 0.0000e+00
       1360      9.900    15.2846    15.0020   2.763369   2.782710     2.3545     2.2760     0.0044  0.1002635      9.807    21.3296    21.6487     5.4977     4.5731 0.0000e+00
       1361      9.913    15.2555    14.9692   2.763190   2.782681     2.3544     2.2751     0.0044  0.1001215      9.820    21.3438    21.6666     5.5012     4.5766 0.0000e+00
       1362      9.926    15.2241    14.9342   2.763004   2.782643     2.3544     2.2743     0.0042  0.0999711      9.833    21.3592    21.6856     5.5053     4.5809 0.0000e+00
       1363      9.939    15.1903    14.8972   2.762811   2.782593     2.3543     2.2735     0.0040  0.0998170      9.846    21.3759    21.7057     5.5094     4.5855 0.0000e+00
       1364      9.950    15.1546    14.8582   2.762614   2.782529     2.3542     2.2728     0.0040  0.0996668      9.857    21.3936    21.7267     5.5138     4.5908 0.0000e+00
       1365      9.961    15.1173    14.8174   2.762412   2.782449     2.3541     2.2720     0.0040  0.0995254      9.868    21.4122    21.7487     5.5183     4.5963 0.0000e+00
       1366      9.972    15.0788    14.7752   2.762208   2.782354     2.3541     2.2713     0.0040  0.0993926      9.879    21.4314    21.7713     5.5234     4.6025 -9.990e-29
       1367      9.982    15.0395    14.7318   2.762002   2.782243     2.3541     2.2707     0.0040  0.0992666      9.888    21.4511    21.7946     5.5287     4.6094 -9.990e-29
       1368      9.991    14.9997    14.6877   2.761795   2.782119     2.3540     2.2701     0.0038  0.0991474      9.897    21.4711    21.8181     5.5337     4.6166 -9.990e-29
       1369      9.999    14.9596    14.6432   2.761588   2.781982     2.3540     2.2696     0.0040  0.0990351      9.905    21.4913    21.8418     5.5393     4.6245 -9.990e-29
       1370     10.007    14.9190    14.5987   2.761380   2.781833     2.3540     2.2691     0.0040  0.0989288      9.913    21.5118    21.8654     5.5449     4.6326 -9.990e-29
       1371     10.015    14.8781    14.5547   2.761171   2.781673     2.3540     2.2686     0.0040  0.0988279      9.921    21.5324    21.8887     5.5507     4.6411 -9.990e-29
       1372     10.022    14.8366    14.5118   2.760960   2.781501     2.3539     2.2683     0.0040  0.0987315      9.928    21.5534    21.9114     5.5563     4.6502 -9.990e-29
       1373     10.029    14.7949    14.4701   2.760748   2.781314     2.3539     2.2679     0.0040  0.0986391      9.935    21.5746    21.9332     5.5624     4.6594 -9.990e-29
       1374     10.036    14.7532    14.4301   2.760538   2.781111     2.3540     2.2677     0.0040  0.0985500      9.942    21.5958    21.9540     5.5689     4.6691 -9.990e-29
       1375     10.042    14.7116    14.3917   2.760329   2.780891     2.3540     2.2674     0.0040  0.0984627      9.948    21.6170    21.9738     5.5752     4.6788 -9.990e-29
       1376     10.048    14.6707    14.3551   2.760124   2.780655     2.3541     2.2673     0.0040  0.0983758      9.954    21.6379    21.9924     5.5818     4.6891 -9.990e-29
       1377     10.054    14.6306    14.3204   2.759923   2.780405     2.3541     2.2673     0.0040  0.0982895      9.960    21.6584    22.0099     5.5882     4.6997 -9.990e-29
       1378     10.059    14.5917    14.2876   2.759729   2.780142     2.3542     2.2673     0.0040  0.0982041      9.965    21.6783    22.0262     5.5950     4.7105 -9.990e-29
       1379     10.063    14.5545    14.2569   2.759544   2.779869     2.3543     2.2674     0.0040  0.0981190      9.969    21.6974    22.0413     5.6017     4.7215 -9.990e-29
       1380     10.067    14.5192    14.2283   2.759368   2.779584     2.3544     2.2675     0.0040  0.0980335      9.973    21.7155    22.0550     5.6083     4.7325 -9.990e-29
       1381     10.071    14.4860    14.2018   2.759204   2.779290     2.3546     2.2678     0.0040  0.0979472      9.977    21.7326    22.0675     5.6152     4.7440 -9.990e-29
       1382     10.075    14.4550    14.1775   2.759050   2.778987     2.3547     2.2682     0.0040  0.0978593      9.981    21.7486    22.0787     5.6217     4.7557 -9.990e-29
       1383     10.078    14.4262    14.1552   2.758907   2.778677     2.3549     2.2686     0.0040  0.0977693      9.984    21.7635    22.0887     5.6284     4.7673 -9.990e-29
       1384     10.081    14.3996    14.1350   2.758773   2.778362     2.3551     2.2691     0.0040  0.0976765      9.987    21.7772    22.0975     5.6351     4.7791 -9.990e-29
       1385     10.083    14.3753    14.1166   2.758648   2.778045     2.3554     2.2698     0.0040  0.0975803      9.988    21.7897    22.1052     5.6419     4.7913 -9.990e-29
       1386     10.086    14.3530    14.1001   2.758531   2.777731     2.3556     2.2705     0.0040  0.0974801      9.991    21.8012    22.1119     5.6484     4.8033 -9.990e-29
       1387     10.088    14.3328    14.0854   2.758422   2.777422     2.3559     2.2713     0.0040  0.0973751      9.993    21.8116    22.1176     5.6552     4.8154 -9.990e-29
       1388     10.091    14.3145    14.0725   2.758320   2.777120     2.3562     2.2723     0.0038  0.0972672      9.996    21.8210    22.1223     5.6620     4.8278 -9.990e-29
       1389     10.092    14.2983    14.0611   2.758226   2.776826     2.3565     2.2733     0.0038  0.0971615      9.997    21.8293    22.1263     5.6686     4.8400 -9.990e-29
       1390     10.094    14.2841    14.0513   2.758141   2.776541     2.3569     2.2745     0.0038  0.0970624      9.999    21.8365    22.1294     5.6755     4.8524 -9.990e-29
       1391     10.096    14.2720    14.0429   2.758064   2.776265     2.3573     2.2757     0.0038  0.0969718     10.001    21.8427    22.1318     5.6824     4.8645 -9.990e-29
       1392     10.097    14.2621    14.0359   2.757997   2.776000     2.3577     2.2771     0.0038  0.0968890     10.002    21.8477    22.1335     5.6892     4.8769 -9.990e-29
       1393     10.099    14.2543    14.0302   2.757940   2.775745     2.3582     2.2785     0.0038  0.0968127     10.004    21.8516    22.1345     5.6961     4.8889 -9.990e-29
       1394     10.100    14.2488    14.0259   2.757891   2.775503     2.3586     2.2800     0.0038  0.0967431     10.005    21.8542    22.1348     5.7027     4.9008 -9.990e-29
       1395     10.101    14.2455    14.0230   2.757852   2.775273     2.3591     2.2817     0.0038  0.0966797     10.006    21.8558    22.1345     5.7095     4.9128 -9.990e-29
       1396     10.102    14.2445    14.0214   2.757822   2.775056     2.3597     2.2834     0.0038  0.0966213     10.007    21.8561    22.1335     5.7165     4.9244 -9.990e-29
       1397     10.103    14.2458    14.0210   2.757800   2.774854     2.3603     2.2852     0.0038  0.0965683     10.008    21.8551    22.1319     5.7233     4.9358 -9.990e-29
       1398     10.103    14.2493    14.0220   2.757786   2.774666     2.3609     2.2870     0.0038  0.0965211     10.008    21.8530    22.1297     5.7299     4.9467 -9.990e-29
       1399     10.104    14.2549    14.0243   2.757780   2.774494     2.3615     2.2889     0.0038  0.0964796     10.009    21.8498    22.1269     5.7365     4.9573 -9.990e-29
       1400     10.105    14.2626    14.0279   2.757781   2.774337     2.3622     2.2909     0.0038  0.0964424     10.010    21.8455    22.1235     5.7432     4.9677 -9.990e-29
       1401     10.105    14.2721    14.0328   2.757789   2.774194     2.3630     2.2930     0.0038  0.0964085     10.010    21.8402    22.1194     5.7500     4.9778 -9.990e-29
       1402     10.106    14.2834    14.0390   2.757803   2.774064     2.3638     2.2951     0.0038  0.0963778     10.011    21.8340    22.1147     5.7567     4.9873 -9.990e-29
       1403     10.106    14.2964    14.0465   2.757823   2.773947     2.3646     2.2972     0.0038  0.0963490     10.011    21.8269    22.1094     5.7633     4.9963 -9.990e-29
       1404     10.107    14.3109    14.0554   2.757851   2.773841     2.3655     2.2994     0.0038  0.0963220     10.012    21.8190    22.1034     5.7700     5.0049 -9.990e-29
       1405     10.107    14.3266    14.0656   2.757884   2.773746     2.3664     2.3016     0.0038  0.0962984     10.012    21.8104    22.0967     5.7766     5.0128 -9.990e-29
       1406     10.107    14.3424    14.0771   2.757919   2.773661     2.3673     2.3038     0.0038  0.0962779     10.012    21.8019    22.0894     5.7831     5.0202 -9.990e-29
       1407     10.107    14.3567    14.0900   2.757949   2.773585     2.3684     2.3061     0.0038  0.0962587     10.012    21.7941    22.0814     5.7904     5.0272 -9.990e-29
       1408     10.108    14.3686    14.1043   2.757970   2.773518     2.3694     2.3084     0.0038  0.0962398     10.013    21.7876    22.0726     5.7977     5.0336 -9.990e-29
       1409     10.108    14.3772    14.1199   2.757980   2.773460     2.3705     2.3106     0.0038  0.0962220     10.013    21.7829    22.0632     5.8055     5.0390 -9.990e-29
       1410     10.108    14.3820    14.1366   2.757975   2.773411     2.3717     2.3129     0.0038  0.0962060     10.013    21.7801    22.0533     5.8140     5.0442 -9.990e-29
       1411     10.109    14.3829    14.1542   2.757956   2.773371     2.3729     2.3152     0.0038  0.0961916     10.014    21.7795    22.0429     5.8228     5.0488 -9.990e-29
       1412     10.109    14.3801    14.1727   2.757923   2.773340     2.3742     2.3174     0.0038  0.0961797     10.014    21.7807    22.0321     5.8323     5.0526 -9.990e-29
       1413     10.109    14.3742    14.1917   2.757877   2.773316     2.3755     2.3196     0.0038  0.0961701     10.014    21.7837    22.0211     5.8420     5.0558 -9.990e-29
       1414     10.109    14.3658    14.2109   2.757823   2.773298     2.3769     2.3219     0.0037  0.0961610     10.014    21.7879    22.0100     5.8521     5.0589 -9.990e-29
       1415     10.109    14.3556    14.2297   2.757762   2.773286     2.3783     2.3240     0.0037  0.0961524     10.014    21.7931    21.9993     5.8624     5.0611 -9.990e-29
       1416     10.109    14.3444    14.2477   2.757697   2.773276     2.3798     2.3262     0.0037  0.0961460     10.014    21.7988    21.9890     5.8728     5.0632 -9.990e-29
       1417     10.109    14.3326    14.2646   2.757630   2.773268     2.3813     2.3283     0.0037  0.0961417     10.014    21.8048    21.9793     5.8832     5.0648 -9.990e-29
       1418     10.109    14.3205    14.2804   2.757562   2.773261     2.3828     2.3304     0.0037  0.0961377     10.014    21.8110    21.9703     5.8934     5.0662 -9.990e-29
       1419     10.109    14.3082    14.2953   2.757494   2.773257     2.3844     2.3325     0.0037  0.0961332     10.014    21.8174    21.9619     5.9037     5.0673 -9.990e-29
       1420     10.109    14.2960    14.3100   2.757427   2.773257     2.3860     2.3345     0.0037  0.0961291     10.014    21.8236    21.9535     5.9138     5.0678 -9.990e-29
       1421     10.110    14.2838    14.3248   2.757360   2.773263     2.3877     2.3364     0.0037  0.0961269     10.015    21.8299    21.9452     5.9240     5.0678 -9.990e-29
       1422     10.110    14.2718    14.3404   2.757295   2.773276     2.3893     2.3384     0.0037  0.0961275     10.015    21.8361    21.9365     5.9336     5.0677 -9.990e-29
       1423     10.110    14.2601    14.3571   2.757232   2.773298     2.3910     2.3402     0.0037  0.0961301     10.015    21.8421    21.9273     5.9431     5.0667 -9.990e-29
       1424     10.110    14.2488    14.3752   2.757172   2.773330     2.3928     2.3420     0.0037  0.0961338     10.015    21.8480    21.9174     5.9527     5.0654 -9.990e-29
       1425     10.110    14.2379    14.3948   2.757115   2.773372     2.3945     2.3438     0.0037  0.0961396     10.015    21.8536    21.9067     5.9616     5.0637 -9.990e-29
       1426     10.111    14.2276    14.4160   2.757062   2.773424     2.3963     2.3455     0.0037  0.0961482     10.016    21.8590    21.8952     5.9704     5.0615 -9.990e-29
       1427     10.111    14.2179    14.4390   2.757012   2.773486     2.3981     2.3471     0.0037  0.0961598     10.016    21.8640    21.8828     5.9789     5.0587 -9.990e-29
       1428     10.111    14.2089    14.4637   2.756966   2.773560     2.3999     2.3487     0.0037  0.0961736     10.016    21.8687    21.8695     5.9870     5.0556 -9.990e-29
       1429     10.111    14.2006    14.4903   2.756925   2.773644     2.4017     2.3502     0.0037  0.0961879     10.016    21.8730    21.8553     5.9947     5.0521 -9.990e-29
       1430     10.111    14.1931    14.5192   2.756889   2.773741     2.4035     2.3516     0.0037  0.0962021     10.016    21.8769    21.8400     6.0019     5.0479 -9.990e-29
       1431     10.112    14.1862    14.5506   2.756857   2.773853     2.4053     2.3530     0.0037  0.0962171     10.017    21.8805    21.8233     6.0088     5.0434 -9.990e-29
       1432     10.112    14.1801    14.5849   2.756830   2.773979     2.4072     2.3544     0.0037  0.0962347     10.017    21.8837    21.8052     6.0155     5.0387 -9.990e-29
       1433     10.112    14.1746    14.6219   2.756806   2.774120     2.4090     2.3557     0.0037  0.0962559     10.017    21.8866    21.7858     6.0215     5.0334 -9.990e-29
       1434     10.112    14.1698    14.6615   2.756787   2.774274     2.4108     2.3569     0.0037  0.0962807     10.017    21.8892    21.7650     6.0271     5.0276 -9.990e-29
       1435     10.113    14.1656    14.7030   2.756770   2.774440     2.4126     2.3581     0.0037  0.0963094     10.018    21.8914    21.7433     6.0324     5.0217 -9.990e-29
       1436     10.113    14.1619    14.7458   2.756757   2.774615     2.4144     2.3592     0.0037  0.0963422     10.018    21.8934    21.7210     6.0372     5.0155 -9.990e-29
       1437     10.113    14.1587    14.7896   2.756746   2.774797     2.4162     2.3603     0.0037  0.0963785     10.018    21.8951    21.6983     6.0417     5.0092 -9.990e-29
       1438     10.113    14.1561    14.8342   2.756738   2.774987     2.4179     2.3613     0.0037  0.0964177     10.018    21.8965    21.6752     6.0455     5.0027 -9.990e-29
       1439     10.113    14.1540    14.8797   2.756731   2.775183     2.4197     2.3623     0.0037  0.0964591     10.018    21.8976    21.6517     6.0493     4.9961 -9.990e-29
       1440     10.113    14.1523    14.9256   2.756728   2.775385     2.4214     2.3632     0.0038  0.0965005     10.018    21.8986    21.6281     6.0524     4.9894 -9.990e-29
       1441     10.114    14.1510    14.9716   2.756726   2.775590     2.4231     2.3641     0.0038  0.0965397     10.019    21.8993    21.6045     6.0553     4.9827 -9.990e-29
       1442     10.114    14.1502    15.0171   2.756728   2.775795     2.4248     2.3649     0.0038  0.0965761     10.019    21.8997    21.5812     6.0578     4.9759 -9.990e-29
       1443     10.114    14.1497    15.0614   2.756732   2.775999     2.4264     2.3657     0.0038  0.0966108     10.019    21.9001    21.5586     6.0597     4.9694 -9.990e-29
       1444     10.114    14.1497    15.1043   2.756738   2.776199     2.4281     2.3664     0.0038  0.0966449     10.019    21.9001    21.5368     6.0616     4.9628 -9.990e-29
       1445     10.114    14.1500    15.1455   2.756747   2.776394     2.4296     2.3671     0.0038  0.0966786     10.019    21.9000    21.5159     6.0627     4.9566 -9.990e-29
       1446     10.114    14.1508    15.1849   2.756759   2.776584     2.4312     2.3678     0.0038  0.0967122     10.019    21.8997    21.4960     6.0638     4.9506 -9.990e-29
