data/2021/ctd_data_day1/Station 1 210921_ctm_fil.cnv
* Sea-Bird SBE 9 Data File:
* FileName = C:\Users\CTD-User\Desktop\MAR440\Station 1 210921.hex
* Software Version Seasave V 7.26.2.13
* Temperature SN = 6313
* Conductivity SN = 4758
* Number of Bytes Per Scan = 30
* Number of Voltage Words = 4
* Number of Scans Averaged by the Deck Unit = 1
* NMEA baud rate = 4800
** Ship:
** Station:
** Operator:
# nquan = 11
# nvalues = 5940                        
# units = specified
# name 0 = scan: Scan Count
# name 1 = prDM: Pressure, Digiquartz [db]
# name 2 = t090C: Temperature [ITS-90, deg C]
# name 3 = t190C: Temperature, 2 [ITS-90, deg C]
# name 4 = c0S/m: Conductivity [S/m]
# name 5 = c1S/m: Conductivity, 2 [S/m]
# name 6 = sbeox0V: Oxygen raw, SBE 43 [V]
# name 7 = sbeox1V: Oxygen raw, SBE 43, 2 [V]
# name 8 = flECO-AFL: Fluorescence, WET Labs ECO-AFL/FL [mg/m^3]
# name 9 = upoly0: Upoly 0, Turbidity
# name 10 = flag:  0.000e+00
# span 0 =          1,       5940       
# span 1 =      0.420,     13.919       
# span 2 =    11.9583,    16.0077       
# span 3 =    11.9664,    16.0088       
# span 4 =   2.810210,   3.422799       
# span 5 =   2.813003,   3.416273       
# span 6 =     0.9943,     2.8560       
# span 7 =     1.0244,     2.7645       
# span 8 =     0.0040,     0.0086       
# span 9 =  0.0921354,  0.2082287       
# span 10 = 0.0000e+00, 0.0000e+00      
# interval = seconds: 0.0416667
# start_time = Sep 21 2021 08:43:04 [System UTC, header]
# bad_flag = -9.990e-29
*END*
[from data line 1312]
       1313      9.517    15.7654    15.7088   3.177371   3.183353     2.2025     2.1229     0.0057  0.1505475 0.0000e+00
       1314      9.517    15.7644    15.7095   3.176827   3.183273     2.2024     2.1230     0.0057  0.1507374 0.0000e+00
       1315      9.517    15.7635    15.7103   3.176263   3.183179     2.2024     2.1231     0.0057  0.1509058 0.0000e+00
       1316      9.516    15.7626    15.7111   3.175678   3.183066     2.2024     2.1232     0.0057  0.1510537 0.0000e+00
       1317      9.516    15.7618    15.7120   3.175073   3.182932     2.2023     2.1233     0.0057  0.1511822 0.0000e+00
       1318      9.516    15.7611    15.7129   3.174454   3.182786     2.2023     2.1235     0.0057  0.1512923 0.0000e+00
       1319      9.515    15.7604    15.7138   3.173827   3.182640     2.2023     2.1237     0.0057  0.1513845 0.0000e+00
       1320      9.515    15.7599    15.7149   3.173200   3.182506     2.2022     2.1239     0.0057  0.1514597 0.0000e+00
       1321      9.515    15.7595    15.7161   3.172582   3.182387     2.2022     2.1241     0.0057  0.1515183 0.0000e+00
       1322      9.515    15.7592    15.7174   3.171974   3.182278     2.2022     2.1243     0.0057  0.1515608 0.0000e+00
       1323      9.514    15.7588    15.7189   3.171380   3.182169     2.2022     2.1246     0.0057  0.1515873 0.0000e+00
       1324      9.514    15.7585    15.7204   3.170800   3.182058     2.2022     2.1249     0.0055  0.1515982 0.0000e+00
       1325      9.514    15.7581    15.7218   3.170231   3.181946     2.2022     2.1252     0.0057  0.1515935 0.0000e+00
       1326      9.514    15.7576    15.7231   3.169673   3.181840     2.2022     2.1256     0.0055  0.1515731 0.0000e+00
       1327      9.513    15.7571    15.7241   3.169122   3.181748     2.2023     2.1259     0.0057  0.1515369 0.0000e+00
       1328      9.513    15.7565    15.7250   3.168574   3.181673     2.2023     2.1263     0.0057  0.1514847 0.0000e+00
       1329      9.513    15.7560    15.7257   3.168026   3.181618     2.2024     2.1268     0.0057  0.1514161 0.0000e+00
       1330      9.513    15.7554    15.7264   3.167473   3.181588     2.2024     2.1273     0.0057  0.1513306 0.0000e+00
       1331      9.513    15.7549    15.7270   3.166912   3.181582     2.2025     2.1278     0.0057  0.1512276 0.0000e+00
       1332      9.513    15.7544    15.7278   3.166337   3.181603     2.2026     2.1283     0.0057  0.1511065 0.0000e+00
       1333      9.512    15.7538    15.7286   3.165747   3.181652     2.2027     2.1288     0.0057  0.1509663 0.0000e+00
       1334      9.512    15.7533    15.7293   3.165142   3.181730     2.2029     2.1294     0.0057  0.1508103 0.0000e+00
       1335      9.512    15.7527    15.7300   3.164524   3.181844     2.2030     2.1300     0.0057  0.1506486 0.0000e+00
       1336      9.512    15.7521    15.7305   3.163900   3.181998     2.2032     2.1306     0.0057  0.1504892 0.0000e+00
       1337      9.512    15.7514    15.7309   3.163277   3.182198     2.2033     2.1313     0.0057  0.1503337 0.0000e+00
       1338      9.512    15.7508    15.7313   3.162660   3.182455     2.2035     2.1320     0.0057  0.1501810 0.0000e+00
       1339      9.512    15.7502    15.7317   3.162053   3.182774     2.2037     2.1326     0.0057  0.1500300 0.0000e+00
       1340      9.512    15.7496    15.7321   3.161460   3.183160     2.2039     2.1333     0.0055  0.1498797 0.0000e+00
       1341      9.512    15.7490    15.7327   3.160884   3.183610     2.2042     2.1340     0.0057  0.1497289 0.0000e+00
       1342      9.511    15.7484    15.7334   3.160328   3.184115     2.2044     2.1347     0.0057  0.1495767 0.0000e+00
       1343      9.511    15.7478    15.7343   3.159794   3.184663     2.2047     2.1355     0.0057  0.1494221 0.0000e+00
       1344      9.511    15.7472    15.7353   3.159288   3.185239     2.2050     2.1362     0.0057  0.1492638 0.0000e+00
       1345      9.511    15.7467    15.7365   3.158811   3.185829     2.2053     2.1370     0.0057  0.1491009 0.0000e+00
       1346      9.511    15.7463    15.7378   3.158367   3.186420     2.2056     2.1377     0.0057  0.1489322 0.0000e+00
       1347      9.511    15.7459    15.7394   3.157959   3.187003     2.2060     2.1385     0.0057  0.1487565 0.0000e+00
       1348      9.511    15.7457    15.7411   3.157592   3.187567     2.2063     2.1392     0.0057  0.1485726 0.0000e+00
       1349      9.511    15.7455    15.7429   3.157266   3.188107     2.2067     2.1400     0.0057  0.1483793 0.0000e+00
       1350      9.511    15.7455    15.7448   3.156981   3.188619     2.2071     2.1408     0.0057  0.1481751 0.0000e+00
       1351      9.511    15.7454    15.7467   3.156733   3.189105     2.2075     2.1415     0.0057  0.1479586 0.0000e+00
       1352      9.511    15.7454    15.7486   3.156515   3.189564     2.2080     2.1423     0.0057  0.1477284 0.0000e+00
       1353      9.511    15.7453    15.7503   3.156317   3.189996     2.2084     2.1431     0.0057  0.1474829 0.0000e+00
       1354      9.511    15.7453    15.7519   3.156133   3.190402     2.2089     2.1438     0.0057  0.1472203 0.0000e+00
       1355      9.511    15.7452    15.7533   3.155957   3.190786     2.2094     2.1446     0.0057  0.1469388 0.0000e+00
       1356      9.511    15.7451    15.7547   3.155786   3.191148     2.2099     2.1453     0.0057  0.1466365 0.0000e+00
       1357      9.511    15.7451    15.7559   3.155618   3.191491     2.2104     2.1461     0.0057  0.1463112 0.0000e+00
       1358      9.511    15.7451    15.7570   3.155454   3.191813     2.2110     2.1469     0.0055  0.1459607 0.0000e+00
       1359      9.511    15.7452    15.7581   3.155294   3.192113     2.2116     2.1476     0.0057  0.1455860 0.0000e+00
       1360      9.511    15.7452    15.7591   3.155137   3.192393     2.2121     2.1483     0.0057  0.1452005 0.0000e+00
       1361      9.511    15.7454    15.7600   3.154980   3.192658     2.2127     2.1491     0.0057  0.1448271 0.0000e+00
       1362      9.511    15.7455    15.7609   3.154823   3.192912     2.2134     2.1498     0.0057  0.1444793 0.0000e+00
       1363      9.512    15.7457    15.7618   3.154668   3.193161     2.2140     2.1505     0.0057  0.1441573 0.0000e+00
       1364      9.512    15.7459    15.7627   3.154517   3.193416     2.2147     2.1512     0.0057  0.1438571 0.0000e+00
       1365      9.512    15.7462    15.7634   3.154377   3.193689     2.2153     2.1519     0.0057  0.1435758 0.0000e+00
       1366      9.512    15.7465    15.7640   3.154253   3.193986     2.2160     2.1526     0.0057  0.1433114 0.0000e+00
       1367      9.512    15.7469    15.7645   3.154149   3.194308     2.2167     2.1533     0.0057  0.1430620 0.0000e+00
       1368      9.512    15.7474    15.7649   3.154068   3.194650     2.2174     2.1540     0.0057  0.1428260 0.0000e+00
       1369      9.512    15.7479    15.7651   3.154010   3.195011     2.2182     2.1547     0.0057  0.1426017 0.0000e+00
       1370      9.512    15.7485    15.7652   3.153978   3.195390     2.2189     2.1554     0.0057  0.1423876 0.0000e+00
       1371      9.513    15.7491    15.7652   3.153972   3.195787     2.2197     2.1560     0.0057  0.1421829 0.0000e+00
       1372      9.513    15.7499    15.7652   3.153992   3.196203     2.2204     2.1566     0.0057  0.1419872 0.0000e+00
       1373      9.513    15.7507    15.7651   3.154036   3.196636     2.2212     2.1573     0.0057  0.1417982 0.0000e+00
       1374      9.513    15.7515    15.7649   3.154102   3.197082     2.2220     2.1579     0.0057  0.1416137 0.0000e+00
       1375      9.513    15.7525    15.7647   3.154190   3.197537     2.2229     2.1585     0.0057  0.1414325 0.0000e+00
       1376      9.514    15.7534    15.7644   3.154295   3.197997     2.2237     2.1591     0.0057  0.1412533 0.0000e+00
       1377      9.514    15.7544    15.7641   3.154416   3.198457     2.2245     2.1597     0.0057  0.1410749 0.0000e+00
       1378      9.514    15.7553    15.7637   3.154549   3.198913     2.2254     2.1602     0.0057  0.1408959 0.0000e+00
       1379      9.514    15.7562    15.7632   3.154693   3.199363     2.2262     2.1607     0.0057  0.1407153 0.0000e+00
       1380      9.514    15.7571    15.7628   3.154850   3.199808     2.2271     2.1613     0.0057  0.1405317 0.0000e+00
       1381      9.515    15.7581    15.7623   3.155020   3.200246     2.2280     2.1618     0.0057  0.1403438 0.0000e+00
       1382      9.515    15.7590    15.7618   3.155207   3.200679     2.2289     2.1623     0.0057  0.1401503 0.0000e+00
       1383      9.515    15.7601    15.7612   3.155412   3.201111     2.2298     2.1627     0.0057  0.1399500 0.0000e+00
       1384      9.515    15.7612    15.7606   3.155638   3.201544     2.2307     2.1632     0.0057  0.1397413 0.0000e+00
       1385      9.515    15.7625    15.7599   3.155888   3.201983     2.2316     2.1636     0.0057  0.1395262 0.0000e+00
       1386      9.516    15.7639    15.7592   3.156162   3.202434     2.2325     2.1640     0.0057  0.1393135 0.0000e+00
       1387      9.516    15.7654    15.7583   3.156462   3.202904     2.2334     2.1643     0.0057  0.1391127 0.0000e+00
       1388      9.516    15.7669    15.7573   3.156787   3.203395     2.2343     2.1647     0.0057  0.1389275 0.0000e+00
       1389      9.517    15.7684    15.7562   3.157136   3.203910     2.2353     2.1650     0.0057  0.1387566 0.0000e+00
       1390      9.517    15.7697    15.7549   3.157507   3.204453     2.2362     2.1653     0.0057  0.1385972 0.0000e+00
       1391      9.517    15.7710    15.7534   3.157895   3.205022     2.2371     2.1656     0.0057  0.1384472 0.0000e+00
       1392      9.517    15.7723    15.7517   3.158301   3.205614     2.2381     2.1658     0.0057  0.1383056 0.0000e+00
       1393      9.518    15.7736    15.7497   3.158721   3.206223     2.2390     2.1661     0.0057  0.1381723 0.0000e+00
       1394      9.518    15.7749    15.7475   3.159152   3.206845     2.2400     2.1663     0.0057  0.1380480 0.0000e+00
       1395      9.518    15.7762    15.7450   3.159588   3.207476     2.2409     2.1665     0.0057  0.1379320 0.0000e+00
       1396      9.518    15.7774    15.7423   3.160025   3.208114     2.2419     2.1666     0.0057  0.1378216 0.0000e+00
       1397      9.519    15.7786    15.7394   3.160456   3.208757     2.2428     2.1668     0.0057  0.1377153 0.0000e+00
       1398      9.519    15.7797    15.7363   3.160877   3.209404     2.2438     2.1669     0.0057  0.1376123 0.0000e+00
       1399      9.520    15.7808    15.7332   3.161286   3.210051     2.2447     2.1670     0.0057  0.1375128 0.0000e+00
       1400      9.520    15.7818    15.7303   3.161680   3.210695     2.2456     2.1671     0.0057  0.1374169 0.0000e+00
       1401      9.521    15.7828    15.7276   3.162059   3.211334     2.2466     2.1672     0.0057  0.1373231 0.0000e+00
       1402      9.521    15.7838    15.7253   3.162421   3.211963     2.2475     2.1672     0.0057  0.1372299 0.0000e+00
       1403      9.521    15.7847    15.7232   3.162764   3.212573     2.2485     2.1672     0.0057  0.1371366 0.0000e+00
       1404      9.522    15.7855    15.7213   3.163091   3.213151     2.2494     2.1672     0.0057  0.1370427 0.0000e+00
       1405      9.522    15.7862    15.7199   3.163401   3.213681     2.2503     2.1672     0.0057  0.1369474 0.0000e+00
       1406      9.522    15.7868    15.7188   3.163698   3.214150     2.2513     2.1672     0.0057  0.1368501 0.0000e+00
       1407      9.522    15.7873    15.7181   3.163981   3.214551     2.2522     2.1672     0.0057  0.1367501 0.0000e+00
       1408      9.523    15.7877    15.7176   3.164251   3.214884     2.2531     2.1671     0.0057  0.1366467 0.0000e+00
       1409      9.523    15.7881    15.7171   3.164508   3.215151     2.2540     2.1670     0.0057  0.1365392 0.0000e+00
       1410      9.523    15.7884    15.7167   3.164754   3.215358     2.2549     2.1669     0.0057  0.1364277 0.0000e+00
       1411      9.523    15.7886    15.7163   3.164990   3.215512     2.2558     2.1668     0.0057  0.1363156 0.0000e+00
       1412      9.524    15.7888    15.7160   3.165218   3.215621     2.2567     2.1667     0.0057  0.1362082 0.0000e+00
       1413      9.524    15.7890    15.7159   3.165440   3.215692     2.2576     2.1665     0.0057  0.1361081 0.0000e+00
       1414      9.524    15.7892    15.7161   3.165658   3.215727     2.2585     2.1664     0.0057  0.1360163 0.0000e+00
       1415      9.524    15.7893    15.7166   3.165868   3.215730     2.2594     2.1662     0.0057  0.1359321 0.0000e+00
       1416      9.525    15.7895    15.7174   3.166066   3.215703     2.2602     2.1660     0.0057  0.1358541 0.0000e+00
       1417      9.525    15.7896    15.7186   3.166250   3.215647     2.2611     2.1657     0.0057  0.1357827 0.0000e+00
       1418      9.525    15.7897    15.7199   3.166417   3.215566     2.2619     2.1655     0.0057  0.1357181 0.0000e+00
       1419      9.525    15.7898    15.7213   3.166563   3.215462     2.2627     2.1652     0.0057  0.1356599 0.0000e+00
       1420      9.525    15.7899    15.7226   3.166686   3.215342     2.2635     2.1649     0.0057  0.1356078 0.0000e+00
       1421      9.526    15.7899    15.7235   3.166784   3.215216     2.2643     2.1647     0.0057  0.1355613 0.0000e+00
       1422      9.526    15.7898    15.7243   3.166856   3.215093     2.2651     2.1643     0.0057  0.1355202 0.0000e+00
       1423      9.526    15.7898    15.7249   3.166906   3.214976     2.2659     2.1640     0.0057  0.1354840 0.0000e+00
       1424      9.526    15.7896    15.7255   3.166934   3.214860     2.2666     2.1637     0.0057  0.1354527 0.0000e+00
       1425      9.527    15.7895    15.7260   3.166946   3.214739     2.2673     2.1633     0.0057  0.1354251 0.0000e+00
       1426      9.527    15.7893    15.7267   3.166943   3.214605     2.2680     2.1629     0.0057  0.1354002 0.0000e+00
       1427      9.527    15.7891    15.7276   3.166926   3.214453     2.2687     2.1625     0.0057  0.1353778 0.0000e+00
       1428      9.528    15.7889    15.7286   3.166898   3.214285     2.2694     2.1621     0.0057  0.1353578 0.0000e+00
       1429      9.528    15.7887    15.7296   3.166856   3.214110     2.2700     2.1617     0.0057  0.1353408 0.0000e+00
       1430      9.528    15.7884    15.7306   3.166801   3.213934     2.2707     2.1612     0.0057  0.1353277 0.0000e+00
       1431      9.529    15.7880    15.7315   3.166733   3.213760     2.2713     2.1608     0.0057  0.1353182 0.0000e+00
       1432      9.529    15.7876    15.7324   3.166655   3.213591     2.2719     2.1603     0.0057  0.1353124 0.0000e+00
       1433      9.529    15.7872    15.7330   3.166567   3.213427     2.2724     2.1598     0.0057  0.1353102 0.0000e+00
       1434      9.529    15.7867    15.7335   3.166474   3.213274     2.2730     2.1593     0.0057  0.1353115 0.0000e+00
       1435      9.529    15.7862    15.7337   3.166377   3.213138     2.2735     2.1588     0.0057  0.1353165 0.0000e+00
       1436      9.529    15.7855    15.7338   3.166275   3.213023     2.2740     2.1582     0.0059  0.1353234 0.0000e+00
       1437      9.530    15.7848    15.7336   3.166166   3.212931     2.2744     2.1577     0.0059  0.1353280 0.0000e+00
       1438      9.530    15.7839    15.7333   3.166046   3.212863     2.2748     2.1571     0.0059  0.1353269 0.0000e+00
       1439      9.530    15.7829    15.7330   3.165913   3.212817     2.2753     2.1566     0.0059  0.1353194 0.0000e+00
       1440      9.530    15.7819    15.7327   3.165765   3.212790     2.2757     2.1560     0.0059  0.1353054 0.0000e+00
       1441      9.530    15.7810    15.7325   3.165604   3.212777     2.2760     2.1554     0.0059  0.1352847 0.0000e+00
       1442      9.530    15.7802    15.7324   3.165436   3.212769     2.2764     2.1548     0.0059  0.1352572 0.0000e+00
