data/2021/ctd_data_day1/Station 1 ex 210921_ctm.cnv
* Sea-Bird SBE 9 Data File:
* FileName = C:\Users\CTD-User\Desktop\MAR440\Station 1 ex 210921.hex
* Software Version Seasave V 7.26.2.13
* Temperature SN = 6313
* Conductivity SN = 4758
* Number of Bytes Per Scan = 30
* Number of Voltage Words = 4
* Number of Scans Averaged by the Deck Unit = 1
* NMEA baud rate = 4800
** Ship:
** Station:
** Operator:
# nquan = 11
# nvalues = 3592                        
# units = specified
# name 0 = scan: Scan Count
# name 1 = prDM: Pressure, Digiquartz [db]
# name 2 = t090C: Temperature [ITS-90, deg C]
# name 3 = t190C: Temperature, 2 [ITS-90, deg C]
# name 4 = c0S/m: Conductivity [S/m]
# name 5 = c1S/m: Conductivity, 2 [S/m]
# name 6 = sbeox0V: Oxygen raw, SBE 43 [V]
# name 7 = sbeox1V: Oxygen raw, SBE 43, 2 [V]
# name 8 = flECO-AFL: Fluorescence, WET Labs ECO-AFL/FL [mg/m^3]
# name 9 = upoly0: Upoly 0, Turbidity
# name 10 = flag:  0.000e+00
# span 0 =          1,       3592       
# span 1 =      0.134,     30.832       
# span 2 =     7.8918,    16.1993       
# span 3 =     7.8898,    16.2048       
# span 4 =   2.884743,   3.774460       
# span 5 =   2.871701,   3.775522       
# span 6 =     0.6713,     2.9072       
# span 7 =     0.7251,     2.8022       
# span 8 =     0.0035,     0.1207       
# span 9 =  0.0859548,  0.1714249       
# span 10 = 0.0000e+00, 0.0000e+00      
# interval = seconds: 0.0416667
# start_time = Sep 21 2021 11:23:14 [System UTC, header]
# bad_flag = -9.990e-29
*END*
[from data line 3410]
       3411     26.915     9.1632     9.8109   3.433571   3.487841     0.8435     0.9205     0.0057  0.0869316 0.0000e+00
       3412     26.981     9.1518     9.6785   3.432383   3.478483     0.8435     0.9205     0.0071  0.0874200 0.0000e+00
       3413     26.981     9.1719     9.5527   3.433245   3.470001     0.8423     0.9205     0.0079  0.0879084 0.0000e+00
       3414     26.981     9.2140     9.4511   3.436106   3.461967     0.8423     0.9217     0.0079  0.0879084 0.0000e+00
       3415     27.039     9.2192     9.3627   3.437525   3.454530     0.8435     0.9217     0.0079  0.0879084 0.0000e+00
       3416     27.039     9.1931     9.2822   3.436678   3.447950     0.8423     0.9217     0.0079  0.0879084 0.0000e+00
       3417     27.039     9.1851     9.2019   3.435973   3.441817     0.8411     0.9217     0.0079  0.0879084 0.0000e+00
       3418     27.105     9.1874     9.1759   3.436266   3.437065     0.8423     0.9229     0.0079  0.0879084 0.0000e+00
       3419     27.105     9.2116     9.1755   3.437669   3.435126     0.8423     0.9229     0.0079  0.0879084 0.0000e+00
       3420     27.105     9.2272     9.0937   3.439268   3.431261     0.8423     0.9229     0.0079  0.0879084 0.0000e+00
       3421     27.163     9.2368     8.9434   3.439979   3.422113     0.8398     0.9229     0.0079  0.0879084 0.0000e+00
       3422     27.163     9.2233     8.8038   3.439018   3.411737     0.8386     0.9229     0.0079  0.0879084 0.0000e+00
       3423     27.163     9.1990     8.7149   3.437218   3.403163     0.8374     0.9241     0.0079  0.0879084 0.0000e+00
       3424     27.220     9.1755     8.6452   3.435514   3.397241     0.8386     0.9241     0.0079  0.0879084 0.0000e+00
       3425     27.220     9.1678     8.6136   3.434372   3.393956     0.8374     0.9241     0.0079  0.0879084 0.0000e+00
       3426     27.220     9.1407     8.6216   3.432446   3.393418     0.8374     0.9241     0.0079  0.0879084 0.0000e+00
       3427     27.286     9.0620     8.6745   3.427321   3.395865     0.8374     0.9241     0.0079  0.0879084 0.0000e+00
       3428     27.286     9.0076     8.7082   3.421607   3.398724     0.8350     0.9253     0.0079  0.0879084 0.0000e+00
       3429     27.344     8.9845     8.6964   3.419334   3.398812     0.8350     0.9253     0.0079  0.0879084 0.0000e+00
       3430     27.286     8.9347     8.6681   3.417037   3.396808     0.8337     0.9253     0.0079  0.0879084 0.0000e+00
       3431     27.344     8.9103     8.6419   3.414650   3.394393     0.8325     0.9253     0.0079  0.0879084 0.0000e+00
       3432     27.410     8.9337     8.6179   3.415514   3.392050     0.8313     0.9253     0.0077  0.0879084 0.0000e+00
       3433     27.410     8.9675     8.5646   3.418440   3.388714     0.8301     0.9253     0.0079  0.0879084 0.0000e+00
       3434     27.410     8.9594     8.5016   3.419572   3.384506     0.8313     0.9253     0.0077  0.0879084 0.0000e+00
       3435     27.468     8.9394     8.4855   3.417981   3.382117     0.8301     0.9253     0.0079  0.0879084 0.0000e+00
       3436     27.418     8.9652     8.4401   3.418107   3.379741     0.8276     0.9241     0.0079  0.0879084 0.0000e+00
       3437     27.468     8.9941     8.3787   3.420157   3.374901     0.8252     0.9241     0.0077  0.0879084 0.0000e+00
       3438     27.534     8.9181     8.3384   3.417132   3.370195     0.8276     0.9241     0.0071  0.0879084 0.0000e+00
       3439     27.534     8.8061     8.3288   3.407606   3.367630     0.8252     0.9229     0.0071  0.0874200 0.0000e+00
       3440     27.468     8.7091     8.3380   3.397896   3.367486     0.8240     0.9229     0.0071  0.0879084 0.0000e+00
       3441     27.591     8.6717     8.3566   3.392647   3.368616     0.8227     0.9229     0.0071  0.0879084 0.0000e+00
       3442     27.591     8.6812     8.3975   3.393088   3.370894     0.8203     0.9217     0.0071  0.0879084 0.0000e+00
       3443     27.591     8.6910     8.5374   3.394724   3.377458     0.8203     0.9217     0.0071  0.0879084 0.0000e+00
       3444     27.649     8.6793     8.6730   3.394662   3.387438     0.8203     0.9205     0.0071  0.0879084 0.0000e+00
       3445     27.649     8.6582     8.7325   3.393599   3.394378     0.8179     0.9192     0.0071  0.0879084 0.0000e+00
       3446     27.649     8.6395     8.6763   3.392301   3.393291     0.8179     0.9192     0.0071  0.0879084 0.0000e+00
       3447     27.649     8.6421     8.5911   3.392484   3.386937     0.8142     0.9192     0.0071  0.0879084 0.0000e+00
       3448     27.715     8.6761     8.5325   3.394471   3.381652     0.8142     0.9180     0.0071  0.0879084 0.0000e+00
       3449     27.773     8.7063     8.5256   3.396262   3.380099     0.8142     0.9168     0.0071  0.0879084 0.0000e+00
       3450     27.715     8.6774     8.6023   3.395076   3.383830     0.8130     0.9156     0.0071  0.0879084 0.0000e+00
       3451     27.773     8.6231     8.7436   3.391133   3.393146     0.8093     0.9156     0.0070  0.0879084 0.0000e+00
       3452     27.773     8.5809     8.8693   3.387190   3.402905     0.8081     0.9144     0.0071  0.0879084 0.0000e+00
       3453     27.839     8.5507     8.8420   3.383427   3.404846     0.8081     0.9131     0.0071  0.0874200 0.0000e+00
       3454     27.839     8.5261     8.7038   3.380558   3.397179     0.8069     0.9131     0.0071  0.0879084 0.0000e+00
       3455     27.839     8.5113     8.5964   3.379139   3.387652     0.8044     0.9119     0.0071  0.0879084 0.0000e+00
       3456     27.896     8.5004     8.5473   3.378065   3.382308     0.8032     0.9107     0.0071  0.0879084 0.0000e+00
       3457     27.896     8.5100     8.5124   3.377956   3.379513     0.8032     0.9095     0.0071  0.0879084 0.0000e+00
       3458     27.896     8.5600     8.4996   3.380889   3.378219     0.8032     0.9082     0.0071  0.0874200 0.0000e+00
       3459     27.954     8.5865     8.5043   3.383815   3.378235     0.8008     0.9070     0.0071  0.0879084 0.0000e+00
       3460     27.954     8.5765     8.5129   3.383735   3.378800     0.7983     0.9058     0.0071  0.0879084 0.0000e+00
       3461     27.971     8.5530     8.5594   3.382182   3.379804     0.7971     0.9046     0.0071  0.0879084 0.0000e+00
       3462     28.020     8.5553     8.5509   3.382934   3.380471     0.7959     0.9034     0.0071  0.0879084 0.0000e+00
       3463     28.020     8.5948     8.5238   3.386490   3.379708     0.7947     0.9021     0.0084  0.0879084 0.0000e+00
       3464     28.020     8.6105     8.4951   3.389133   3.377722     0.7934     0.9009     0.0092  0.0879084 0.0000e+00
       3465     28.078     8.6299     8.4697   3.390335   3.375905     0.7922     0.8997     0.0092  0.0879084 0.0000e+00
       3466     28.078     8.6649     8.4508   3.392381   3.374566     0.7898     0.8973     0.0086  0.0879084 0.0000e+00
       3467     28.144     8.7193     8.4506   3.395970   3.374174     0.7898     0.8960     0.0086  0.0879084 0.0000e+00
       3468     28.078     8.7470     8.4599   3.398669   3.375556     0.7898     0.8948     0.0086  0.0879084 0.0000e+00
       3469     28.144     8.7735     8.4250   3.400978   3.375454     0.7873     0.8936     0.0086  0.0879084 0.0000e+00
       3470     28.202     8.7714     8.3749   3.402501   3.372124     0.7849     0.8911     0.0086  0.0879084 0.0000e+00
       3471     28.202     8.7242     8.4425   3.400317   3.372454     0.7837     0.8899     0.0086  0.0879084 0.0000e+00
       3472     28.202     8.6551     9.0073   3.394776   3.393682     0.7849     0.8887     0.0086  0.0879084 0.0000e+00
       3473     28.202     8.6109     9.4618   3.389390   3.428105     0.7837     0.8863     0.0086  0.0879084 0.0000e+00
       3474     28.268     8.5457     9.6223   3.384977   3.452567     0.7812     0.8850     0.0086  0.0879084 0.0000e+00
       3475     28.268     8.5228     9.7511   3.381984   3.465832     0.7788     0.8826     0.0092  0.0879084 0.0000e+00
       3476     28.325     8.6686     9.8941   3.386293   3.475947     0.7788     0.8814     0.0086  0.0879084 0.0000e+00
       3477     28.325     8.9187    10.0333   3.401974   3.486892     0.7788     0.8789     0.0086  0.0879084 0.0000e+00
       3478     28.325     9.2525    10.2700   3.427856   3.498020     0.7776     0.8777     0.0092  0.0879084 0.0000e+00
       3479     28.383     9.5530    10.2126   3.454959   3.499873     0.7751     0.8753     0.0086  0.0879084 0.0000e+00
       3480     28.383     9.8231    10.2560   3.474684   3.499749     0.7739     0.8741     0.0086  0.0879084 0.0000e+00
       3481     28.400    10.0929    10.5194   3.491687   3.514588     0.7727     0.8716     0.0090  0.0879084 0.0000e+00
       3482     28.383    10.2997    10.7973   3.506481   3.538633     0.7739     0.8692     0.0086  0.0879084 0.0000e+00
       3483     28.449    10.4471    10.8358   3.516987   3.550113     0.7702     0.8679     0.0086  0.0879084 0.0000e+00
       3484     28.507    10.5611    10.7873   3.524456   3.548894     0.7690     0.8655     0.0092  0.0883968 0.0000e+00
       3485     28.507    10.6454    10.7620   3.529632   3.546355     0.7690     0.8643     0.0086  0.0879084 0.0000e+00
       3486     28.507    10.7448    10.7963   3.535646   3.548220     0.7666     0.8618     0.0092  0.0879084 0.0000e+00
       3487     28.507    10.8190    10.8312   3.541981   3.550859     0.7666     0.8594     0.0086  0.0879084 0.0000e+00
       3488     28.507    10.8238    10.8179   3.544599   3.550995     0.7641     0.8570     0.0079  0.0879084 0.0000e+00
       3489     28.630    10.7557    10.8314   3.542936   3.550261     0.7629     0.8545     0.0062  0.0879084 0.0000e+00
       3490     28.573    10.6332    10.8752   3.536958   3.552764     0.7617     0.8533     0.0057  0.0879084 0.0000e+00
       3491     28.630    10.4752    10.8555   3.527053   3.554899     0.7605     0.8508     0.0057  0.0879084 0.0000e+00
       3492     28.630    10.3485    10.8168   3.517963   3.553453     0.7605     0.8496     0.0057  0.0879084 0.0000e+00
       3493     28.696    10.2636    10.8598   3.511796   3.553971     0.7580     0.8472     0.0062  0.0879084 0.0000e+00
       3494     28.630    10.2397    10.9702   3.509231   3.559394     0.7568     0.8460     0.0062  0.0879084 0.0000e+00
       3495     28.754    10.2244    11.0282   3.508560   3.565271     0.7556     0.8447     0.0057  0.0879084 0.0000e+00
       3496     28.696    10.2244    11.1137   3.507359   3.570838     0.7556     0.8423     0.0062  0.0879084 0.0000e+00
       3497     28.754    10.2987    11.2714   3.509186   3.580450     0.7544     0.8411     0.0062  0.0879084 0.0000e+00
       3498     28.812    10.4111    11.1969   3.516976   3.583058     0.7519     0.8399     0.0057  0.0879084 0.0000e+00
       3499     28.762    10.5609    10.6853   3.525548   3.563461     0.7507     0.8386     0.0057  0.0879084 0.0000e+00
       3500     28.754    10.7060    10.1619   3.534343   3.529598     0.7495     0.8362     0.0057  0.0879084 0.0000e+00
       3501     28.878    10.6543     9.7303   3.535492   3.497624     0.7495     0.8350     0.0057  0.0879084 0.0000e+00
       3502     28.878    10.4124     9.3909   3.519655   3.468867     0.7495     0.8338     0.0057  0.0879084 0.0000e+00
       3503     28.812    10.1003     9.1296   3.497100   3.446848     0.7470     0.8325     0.0057  0.0879084 0.0000e+00
       3504     28.936     9.6785     8.9725   3.475940   3.431663     0.7458     0.8313     0.0057  0.0879084 0.0000e+00
       3505     28.936     9.3592     8.7613   3.453195   3.416900     0.7446     0.8301     0.0062  0.0879084 0.0000e+00
       3506     28.936     9.1823     8.6094   3.436181   3.403926     0.7446     0.8289     0.0057  0.0879084 0.0000e+00
       3507     28.936     9.0089     8.8394   3.423142   3.407130     0.7434     0.8276     0.0062  0.0879084 0.0000e+00
       3508     29.001     8.8246     9.0383   3.409640   3.419295     0.7421     0.8264     0.0057  0.0879084 0.0000e+00
       3509     29.001     8.6939     8.9168   3.398753   3.419536     0.7397     0.8252     0.0057  0.0879084 0.0000e+00
       3510     29.001     8.6706     9.0098   3.394330   3.419168     0.7397     0.8240     0.0057  0.0879084 0.0000e+00
       3511     29.059     8.7012     9.1111   3.395230   3.425988     0.7397     0.8228     0.0060  0.0879084 0.0000e+00
       3512     29.117     8.7197     9.1239   3.397353   3.429387     0.7397     0.8215     0.0057  0.0879084 0.0000e+00
       3513     29.059     8.6900     9.0674   3.396888   3.425919     0.7360     0.8203     0.0057  0.0879084 0.0000e+00
       3514     29.133     8.6215     8.9691   3.393480   3.419397     0.7348     0.8203     0.0064  0.0879084 0.0000e+00
       3515     29.117     8.5726     8.8633   3.389468   3.413615     0.7348     0.8203     0.0066  0.0879084 0.0000e+00
       3516     29.183     8.5355     8.6820   3.386658   3.404500     0.7348     0.8191     0.0066  0.0879084 0.0000e+00
       3517     29.183     8.5605     8.5737   3.386910   3.393793     0.7348     0.8191     0.0066  0.0879084 0.0000e+00
       3518     29.183     8.6493     8.5854   3.391194   3.389750     0.7312     0.8179     0.0066  0.0879084 0.0000e+00
       3519     29.241     8.7269     8.6365   3.394716   3.393587     0.7299     0.8179     0.0066  0.0879084 0.0000e+00
       3520     29.241     8.8137     8.5893   3.399698   3.396478     0.7312     0.8179     0.0066  0.0879084 0.0000e+00
       3521     29.241     8.8818     8.5072   3.406812   3.394926     0.7299     0.8179     0.0066  0.0879084 0.0000e+00
       3522     29.307     8.9773     8.4557   3.414535   3.392088     0.7299     0.8179     0.0066  0.0879084 0.0000e+00
       3523     29.307     9.1678     8.3803   3.426711   3.386937     0.7275     0.8179     0.0066  0.0879084 0.0000e+00
       3524     29.307     9.2725     8.3840   3.437985   3.382136     0.7275     0.8179     0.0066  0.0874200 0.0000e+00
       3525     29.364     9.5684     8.4904   3.451340   3.383264     0.7287     0.8191     0.0066  0.0879084 0.0000e+00
       3526     29.364     9.8897     8.4177   3.470766   3.383336     0.7275     0.8191     0.0066  0.0879084 0.0000e+00
       3527     29.430    10.1661     8.2825   3.494031   3.375743     0.7263     0.8191     0.0066  0.0879084 0.0000e+00
       3528     29.373    10.4619     8.1933   3.522486   3.366264     0.7263     0.8203     0.0066  0.0879084 0.0000e+00
       3529     29.430    10.7138     8.1274   3.547010   3.359936     0.7263     0.8215     0.0066  0.0879084 0.0000e+00
       3530     29.488    10.9153     8.1840   3.564441   3.360733     0.7275     0.8215     0.0066  0.0879084 0.0000e+00
       3531     29.488    11.0377     8.6400   3.576842   3.379604     0.7275     0.8228     0.0064  0.0874200 0.0000e+00
       3532     29.488    11.2836     9.3410   3.590798   3.417637     0.7263     0.8252     0.0066  0.0879084 0.0000e+00
       3533     29.546    11.5418     9.8415   3.609547   3.454534     0.7263     0.8252     0.0066  0.0879084 0.0000e+00
       3534     29.546    11.7393    10.1067   3.629140   3.480265     0.7263     0.8264     0.0066  0.0879084 0.0000e+00
       3535     29.546    11.8759    10.2135   3.642165   3.497108     0.7287     0.8289     0.0066  0.0879084 0.0000e+00
       3536     29.612    11.9876    10.3838   3.651361   3.510590     0.7275     0.8301     0.0066  0.0879084 0.0000e+00
       3537     29.612    11.9951    10.4950   3.656287   3.524332     0.7275     0.8313     0.0066  0.0879084 0.0000e+00
       3538     29.612    11.7516    10.5847   3.647900   3.537329     0.7275     0.8325     0.0066  0.0879084 0.0000e+00
       3539     29.669    11.5190    10.6359   3.628442   3.547490     0.7287     0.8338     0.0077  0.0879084 0.0000e+00
       3540     29.669    11.3408    10.4093   3.603259   3.544660     0.7299     0.8350     0.0092  0.0879084 0.0000e+00
