data/2021/ctd_data_day1/Station 6 210921_ctm_fil_le.cnv
* Sea-Bird SBE 9 Data File:
* FileName = C:\Users\CTD-User\Desktop\MAR440\Station 6 210921.hex
* Software Version Seasave V 7.26.2.13
* Temperature SN = 6313
* Conductivity SN = 4758
* Number of Bytes Per Scan = 30
* Number of Voltage Words = 4
* Number of Scans Averaged by the Deck Unit = 1
* NMEA baud rate = 4800
** Ship:
** Station:
** Operator:
# nquan = 11
# nvalues = 4130                        
# units = specified
# name 0 = scan: Scan Count
# name 1 = prDM: Pressure, Digiquartz [db]
# name 2 = t090C: Temperature [ITS-90, deg C]
# name 3 = t190C: Temperature, 2 [ITS-90, deg C]
# name 4 = c0S/m: Conductivity [S/m]
# name 5 = c1S/m: Conductivity, 2 [S/m]
# name 6 = sbeox0V: Oxygen raw, SBE 43 [V]
# name 7 = sbeox1V: Oxygen raw, SBE 43, 2 [V]
# name 8 = flECO-AFL: Fluorescence, WET Labs ECO-AFL/FL [mg/m^3]
# name 9 = upoly0: Upoly 0, Turbidity
# name 10 = flag:  0.000e+00
# span 0 =          1,       4130       
# span 1 =      0.401,     37.705       
# span 2 =     6.5339,    15.9700       
# span 3 =     6.5228,    15.9659       
# span 4 =   2.889567,   3.739249       
# span 5 =   2.889377,   3.740329       
# span 6 =     0.4861,     2.7979       
# span 7 =     0.5457,     2.7563       
# span 8 =     0.0033,     0.0189       
# span 9 =  0.0862693,  0.1633834       
# span 10 = 0.0000e+00, 0.0000e+00      
# interval = seconds: 0.0416667
# start_time = Sep 21 2021 10:55:39 [System UTC, header]
# bad_flag = -9.990e-29
*END*
[from data line 525]
        526     10.388    14.9051    15.0119   2.892073   2.897604     2.2613     2.1274     0.0040  0.1015771 -9.990e-29
        527     10.396    14.8781    14.9718   2.891968   2.897557     2.2613     2.1273     0.0040  0.1014848 -9.990e-29
        528     10.403    14.8514    14.9316   2.891864   2.897506     2.2614     2.1273     0.0040  0.1013978 -9.990e-29
        529     10.410    14.8254    14.8917   2.891764   2.897453     2.2615     2.1273     0.0040  0.1013138 -9.990e-29
        530     10.416    14.8007    14.8528   2.891669   2.897399     2.2616     2.1273     0.0040  0.1012321 -9.990e-29
        531     10.422    14.7773    14.8153   2.891580   2.897345     2.2617     2.1274     0.0040  0.1011539 -9.990e-29
        532     10.427    14.7556    14.7794   2.891498   2.897293     2.2618     2.1275     0.0040  0.1010787 -9.990e-29
        533     10.432    14.7354    14.7455   2.891423   2.897243     2.2619     2.1276     0.0040  0.1010051 -9.990e-29
        534     10.437    14.7170    14.7134   2.891354   2.897195     2.2620     2.1278     0.0040  0.1009334 -9.990e-29
        535     10.441    14.7002    14.6834   2.891292   2.897150     2.2622     2.1280     0.0040  0.1008639 -9.990e-29
        536     10.444    14.6852    14.6552   2.891236   2.897108     2.2623     2.1282     0.0040  0.1007963 -9.990e-29
        537     10.448    14.6717    14.6290   2.891185   2.897069     2.2625     2.1285     0.0040  0.1007300 -9.990e-29
        538     10.451    14.6595    14.6046   2.891137   2.897033     2.2626     2.1288     0.0038  0.1006645 -9.990e-29
        539     10.453    14.6484    14.5819   2.891093   2.896999     2.2628     2.1292     0.0040  0.1005994 -9.990e-29
        540     10.455    14.6381    14.5608   2.891050   2.896970     2.2630     2.1296     0.0040  0.1005343 -9.990e-29
        541     10.458    14.6284    14.5413   2.891008   2.896943     2.2632     2.1300     0.0040  0.1004687 -9.990e-29
        542     10.459    14.6192    14.5233   2.890966   2.896920     2.2634     2.1305     0.0040  0.1004021 -9.990e-29
        543     10.461    14.6104    14.5066   2.890925   2.896900     2.2636     2.1310     0.0040  0.1003340 -9.990e-29
        544     10.463    14.6020    14.4912   2.890885   2.896884     2.2639     2.1315     0.0040  0.1002641 -9.990e-29
        545     10.464    14.5935    14.4770   2.890846   2.896871     2.2641     2.1321     0.0040  0.1001918 -9.990e-29
        546     10.465    14.5851    14.4640   2.890806   2.896861     2.2644     2.1327     0.0038  0.1001167 -9.990e-29
        547     10.466    14.5765    14.4522   2.890767   2.896854     2.2646     2.1333     0.0040  0.1000381 -9.990e-29
        548     10.466    14.5678    14.4415   2.890729   2.896850     2.2649     2.1340     0.0040  0.0999572 -9.990e-29
        549     10.467    14.5592    14.4319   2.890693   2.896848     2.2652     2.1347     0.0040  0.0998778 -9.990e-29
        550     10.467    14.5508    14.4232   2.890659   2.896848     2.2655     2.1354     0.0040  0.0998035 -9.990e-29
        551     10.468    14.5425    14.4155   2.890628   2.896852     2.2658     2.1361     0.0040  0.0997363 -9.990e-29
        552     10.468    14.5345    14.4087   2.890599   2.896857     2.2661     2.1368     0.0040  0.0996767 -9.990e-29
        553     10.468    14.5268    14.4027   2.890571   2.896865     2.2665     2.1376     0.0040  0.0996242 -9.990e-29
        554     10.468    14.5194    14.3974   2.890544   2.896876     2.2668     2.1383     0.0040  0.0995785 -9.990e-29
        555     10.468    14.5123    14.3929   2.890519   2.896889     2.2671     2.1391     0.0040  0.0995392 -9.990e-29
        556     10.468    14.5057    14.3890   2.890495   2.896904     2.2675     2.1399     0.0040  0.0995052 -9.990e-29
        557     10.468    14.4994    14.3858   2.890471   2.896921     2.2678     2.1407     0.0040  0.0994754 -9.990e-29
        558     10.468    14.4937    14.3831   2.890449   2.896940     2.2681     2.1415     0.0040  0.0994506 -9.990e-29
        559     10.468    14.4884    14.3809   2.890428   2.896962     2.2684     2.1423     0.0040  0.0994304 -9.990e-29
        560     10.467    14.4836    14.3794   2.890409   2.896986     2.2687     2.1432     0.0040  0.0994139 -9.990e-29
        561     10.467    14.4794    14.3783   2.890394   2.897012     2.2690     2.1440     0.0040  0.0994010 -9.990e-29
        562     10.467    14.4757    14.3778   2.890383   2.897040     2.2693     2.1448     0.0040  0.0993916 -9.990e-29
        563     10.467    14.4727    14.3777   2.890376   2.897071     2.2696     2.1457     0.0040  0.0993857 -9.990e-29
        564     10.466    14.4702    14.3781   2.890374   2.897103     2.2698     2.1465     0.0040  0.0993822 -9.990e-29
        565     10.466    14.4683    14.3788   2.890375   2.897136     2.2701     2.1473     0.0040  0.0993814 -9.990e-29
        566     10.465    14.4670    14.3799   2.890381   2.897172     2.2703     2.1482     0.0040  0.0993847 -9.990e-29
        567     10.465    14.4664    14.3814   2.890390   2.897209     2.2705     2.1490     0.0040  0.0993931 -9.990e-29
        568     10.465    14.4664    14.3832   2.890403   2.897248     2.2708     2.1498     0.0040  0.0994067 -9.990e-29
        569     10.465    14.4670    14.3855   2.890418   2.897288     2.2709     2.1507     0.0040  0.0994255 -9.990e-29
        570     10.464    14.4682    14.3880   2.890436   2.897331     2.2711     2.1515     0.0040  0.0994488 -9.990e-29
        571     10.464    14.4701    14.3910   2.890457   2.897375     2.2713     2.1524     0.0040  0.0994760 -9.990e-29
        572     10.464    14.4727    14.3942   2.890481   2.897420     2.2714     2.1532     0.0040  0.0995072 -9.990e-29
        573     10.464    14.4759    14.3976   2.890509   2.897466     2.2715     2.1540     0.0038  0.0995418 -9.990e-29
        574     10.464    14.4798    14.4012   2.890540   2.897513     2.2716     2.1549     0.0037  0.0995775 -9.990e-29
        575     10.463    14.4845    14.4049   2.890576   2.897559     2.2717     2.1557     0.0037  0.0996111 -9.990e-29
        576     10.463    14.4898    14.4086   2.890616   2.897606     2.2717     2.1565     0.0037  0.0996403 -9.990e-29
        577     10.463    14.4957    14.4123   2.890661   2.897652     2.2717     2.1574     0.0037  0.0996645 -9.990e-29
        578     10.463    14.5023    14.4160   2.890711   2.897697     2.2718     2.1582     0.0037  0.0996847 -9.990e-29
        579     10.463    14.5095    14.4197   2.890765   2.897743     2.2717     2.1590     0.0037  0.0997019 -9.990e-29
        580     10.463    14.5173    14.4234   2.890823   2.897787     2.2717     2.1598     0.0037  0.0997162 -9.990e-29
        581     10.463    14.5258    14.4271   2.890885   2.897832     2.2717     2.1607     0.0037  0.0997277 -9.990e-29
        582     10.463    14.5350    14.4311   2.890951   2.897877     2.2716     2.1615     0.0037  0.0997365 -9.990e-29
        583     10.463    14.5450    14.4351   2.891020   2.897922     2.2715     2.1623     0.0037  0.0997426 -9.990e-29
        584     10.463    14.5558    14.4394   2.891093   2.897968     2.2714     2.1631     0.0037  0.0997461 -9.990e-29
        585     10.464    14.5674    14.4438   2.891168   2.898014     2.2712     2.1639     0.0037  0.0997470 -9.990e-29
        586     10.464    14.5796    14.4484   2.891247   2.898060     2.2711     2.1647     0.0037  0.0997453 -9.990e-29
        587     10.464    14.5926    14.4533   2.891329   2.898107     2.2709     2.1655     0.0037  0.0997411 -9.990e-29
        588     10.464    14.6061    14.4585   2.891415   2.898154     2.2707     2.1663     0.0037  0.0997342 -9.990e-29
        589     10.465    14.6202    14.4639   2.891504   2.898203     2.2704     2.1670     0.0037  0.0997246 -9.990e-29
        590     10.465    14.6348    14.4696   2.891597   2.898252     2.2702     2.1678     0.0037  0.0997123 -9.990e-29
        591     10.465    14.6500    14.4755   2.891693   2.898302     2.2699     2.1686     0.0037  0.0996963 -9.990e-29
        592     10.466    14.6657    14.4816   2.891794   2.898351     2.2696     2.1694     0.0037  0.0996757 -9.990e-29
        593     10.466    14.6820    14.4878   2.891899   2.898401     2.2693     2.1701     0.0037  0.0996512 -9.990e-29
        594     10.466    14.6989    14.4940   2.892009   2.898450     2.2690     2.1709     0.0037  0.0996234 -9.990e-29
        595     10.467    14.7165    14.5001   2.892123   2.898498     2.2687     2.1716     0.0037  0.0995922 -9.990e-29
        596     10.467    14.7349    14.5060   2.892242   2.898544     2.2683     2.1724     0.0037  0.0995573 -9.990e-29
        597     10.468    14.7540    14.5118   2.892363   2.898590     2.2679     2.1731     0.0035  0.0995185 -9.990e-29
        598     10.469    14.7739    14.5174   2.892488   2.898634     2.2675     2.1738     0.0037  0.0994755 -9.990e-29
        599     10.469    14.7948    14.5229   2.892617   2.898677     2.2671     2.1745     0.0037  0.0994281 -9.990e-29
        600     10.470    14.8166    14.5281   2.892749   2.898719     2.2667     2.1753     0.0038  0.0993784 -9.990e-29
        601     10.470    14.8394    14.5333   2.892884   2.898759     2.2663     2.1760     0.0038  0.0993312 -9.990e-29
        602     10.471    14.8631    14.5384   2.893021   2.898799     2.2658     2.1766     0.0038  0.0992887 -9.990e-29
        603     10.472    14.8878    14.5434   2.893161   2.898837     2.2653     2.1773     0.0038  0.0992498 -9.990e-29
        604     10.472    14.9133    14.5484   2.893303   2.898875     2.2648     2.1780     0.0038  0.0992124 -9.990e-29
        605     10.473    14.9396    14.5534   2.893445   2.898912     2.2643     2.1787     0.0038  0.0991765 -9.990e-29
        606     10.474    14.9665    14.5585   2.893588   2.898949     2.2638     2.1793     0.0038  0.0991433 -9.990e-29
        607     10.475    14.9941    14.5637   2.893732   2.898986     2.2633     2.1800     0.0038  0.0991127 -9.990e-29
        608     10.476    15.0221    14.5689   2.893875   2.899022     2.2627     2.1806     0.0038  0.0990836 -9.990e-29
        609     10.477    15.0503    14.5740   2.894019   2.899057     2.2622     2.1813     0.0038  0.0990557 -9.990e-29
        610     10.478    15.0786    14.5786   2.894163   2.899091     2.2616     2.1819     0.0037  0.0990290 -9.990e-29
        611     10.478    15.1068    14.5824   2.894305   2.899120     2.2610     2.1825     0.0038  0.0990040 -9.990e-29
        612     10.479    15.1346    14.5852   2.894445   2.899146     2.2605     2.1831     0.0038  0.0989815 -9.990e-29
        613     10.480    15.1618    14.5872   2.894583   2.899167     2.2599     2.1837     0.0038  0.0989613 -9.990e-29
        614     10.481    15.1884    14.5882   2.894719   2.899185     2.2593     2.1843     0.0038  0.0989423 -9.990e-29
        615     10.482    15.2143    14.5885   2.894851   2.899199     2.2587     2.1849     0.0038  0.0989237 -9.990e-29
        616     10.483    15.2394    14.5882   2.894981   2.899210     2.2581     2.1855     0.0038  0.0989061 -9.990e-29
        617     10.484    15.2637    14.5873   2.895109   2.899218     2.2575     2.1861     0.0038  0.0988903 -9.990e-29
        618     10.485    15.2871    14.5860   2.895233   2.899225     2.2569     2.1866     0.0038  0.0988761 -9.990e-29
        619     10.486    15.3098    14.5843   2.895354   2.899231     2.2563     2.1872     0.0038  0.0988634 -9.990e-29
        620     10.487    15.3317    14.5824   2.895472   2.899235     2.2557     2.1877     0.0038  0.0988514 -9.990e-29
        621     10.489    15.3527    14.5802   2.895587   2.899238     2.2550     2.1883     0.0038  0.0988391 -9.990e-29
        622     10.490    15.3730    14.5780   2.895698   2.899240     2.2544     2.1888     0.0038  0.0988263 -9.990e-29
        623     10.491    15.3924    14.5758   2.895806   2.899243     2.2538     2.1893     0.0038  0.0988122 -9.990e-29
        624     10.492    15.4110    14.5737   2.895910   2.899245     2.2531     2.1898     0.0038  0.0987967 -9.990e-29
        625     10.494    15.4287    14.5718   2.896011   2.899249     2.2525     2.1903     0.0037  0.0987813 -9.990e-29
        626     10.495    15.4456    14.5700   2.896108   2.899252     2.2518     2.1908     0.0037  0.0987668 -9.990e-29
        627     10.496    15.4616    14.5685   2.896201   2.899257     2.2511     2.1913     0.0037  0.0987531 -9.990e-29
        628     10.498    15.4767    14.5672   2.896290   2.899263     2.2505     2.1918     0.0037  0.0987392 -9.990e-29
        629     10.499    15.4911    14.5661   2.896376   2.899270     2.2498     2.1922     0.0037  0.0987234 -9.990e-29
        630     10.501    15.5048    14.5654   2.896458   2.899278     2.2491     2.1927     0.0037  0.0987055 -9.990e-29
        631     10.502    15.5177    14.5651   2.896537   2.899288     2.2485     2.1931     0.0037  0.0986872 -9.990e-29
        632     10.504    15.5300    14.5651   2.896612   2.899299     2.2478     2.1936     0.0037  0.0986682 -9.990e-29
        633     10.505    15.5417    14.5655   2.896684   2.899312     2.2471     2.1940     0.0037  0.0986476 -9.990e-29
        634     10.507    15.5529    14.5663   2.896752   2.899326     2.2464     2.1944     0.0037  0.0986262 -9.990e-29
        635     10.508    15.5636    14.5675   2.896819   2.899343     2.2457     2.1948     0.0037  0.0986045 -9.990e-29
        636     10.510    15.5738    14.5691   2.896883   2.899361     2.2450     2.1952     0.0037  0.0985826 -9.990e-29
        637     10.511    15.5835    14.5712   2.896944   2.899381     2.2443     2.1956     0.0037  0.0985601 -9.990e-29
        638     10.513    15.5929    14.5737   2.897004   2.899403     2.2436     2.1959     0.0037  0.0985361 -9.990e-29
        639     10.514    15.6018    14.5767   2.897061   2.899427     2.2429     2.1963     0.0037  0.0985088 -9.990e-29
        640     10.516    15.6102    14.5801   2.897116   2.899452     2.2422     2.1966     0.0037  0.0984779 -9.990e-29
        641     10.518    15.6183    14.5840   2.897170   2.899480     2.2415     2.1969     0.0037  0.0984449 -9.990e-29
        642     10.519    15.6258    14.5884   2.897220   2.899509     2.2408     2.1972     0.0037  0.0984097 -9.990e-29
        643     10.520    15.6328    14.5933   2.897269   2.899540     2.2401     2.1975     0.0037  0.0983711 -9.990e-29
        644     10.522    15.6393    14.5987   2.897316   2.899573     2.2394     2.1978     0.0037  0.0983296 -9.990e-29
        645     10.524    15.6454    14.6046   2.897361   2.899609     2.2387     2.1981     0.0037  0.0982859 -9.990e-29
        646     10.525    15.6510    14.6111   2.897405   2.899646     2.2380     2.1984     0.0037  0.0982388 -9.990e-29
        647     10.527    15.6561    14.6181   2.897448   2.899685     2.2373     2.1986     0.0037  0.0981871 -9.990e-29
        648     10.529    15.6609    14.6256   2.897490   2.899726     2.2365     2.1989     0.0037  0.0981313 -9.990e-29
        649     10.530    15.6654    14.6337   2.897530   2.899770     2.2358     2.1991     0.0035  0.0980719 -9.990e-29
        650     10.532    15.6695    14.6421   2.897570   2.899815     2.2351     2.1993     0.0037  0.0980093 -9.990e-29
        651     10.534    15.6733    14.6507   2.897610   2.899860     2.2344     2.1995     0.0037  0.0979464 -9.990e-29
        652     10.535    15.6769    14.6592   2.897649   2.899904     2.2337     2.1997     0.0037  0.0978871 -9.990e-29
        653     10.537    15.6802    14.6673   2.897687   2.899947     2.2330     2.1999     0.0037  0.0978327 -9.990e-29
        654     10.538    15.6832    14.6750   2.897726   2.899989     2.2323     2.2000     0.0037  0.0977828 -9.990e-29
        655     10.540    15.6861    14.6822   2.897765   2.900029     2.2315     2.2002     0.0037  0.0977370 -9.990e-29
