data/2021/ctd_data_day1/Station 4ex 210921_ctm.cnv
* Sea-Bird SBE 9 Data File:
* FileName = C:\Users\CTD-User\Desktop\MAR440\Station 4ex 210921.hex
* Software Version Seasave V 7.26.2.13
* Temperature SN = 6313
* Conductivity SN = 4758
* Number of Bytes Per Scan = 30
* Number of Voltage Words = 4
* Number of Scans Averaged by the Deck Unit = 1
* NMEA baud rate = 4800
** Ship:
** Station:
** Operator:
# nquan = 11
# nvalues = 6123                        
# units = specified
# name 0 = scan: Scan Count
# name 1 = prDM: Pressure, Digiquartz [db]
# name 2 = t090C: Temperature [ITS-90, deg C]
# name 3 = t190C: Temperature, 2 [ITS-90, deg C]
# name 4 = c0S/m: Conductivity [S/m]
# name 5 = c1S/m: Conductivity, 2 [S/m]
# name 6 = sbeox0V: Oxygen raw, SBE 43 [V]
# name 7 = sbeox1V: Oxygen raw, SBE 43, 2 [V]
# name 8 = flECO-AFL: Fluorescence, WET Labs ECO-AFL/FL [mg/m^3]
# name 9 = upoly0: Upoly 0, Turbidity
# name 10 = flag:  0.000e+00
# span 0 =          1,       6123       
# span 1 =      0.204,     43.521       
# span 2 =     7.9722,    16.0343       
# span 3 =     7.9734,    15.9665       
# span 4 =  -0.000854,   3.482181       
# span 5 =   0.276017,   3.482947       
# span 6 =     0.4687,     3.2015       
# span 7 =     0.5358,     3.0635       
# span 8 =     0.0033,     0.0524       
# span 9 =  0.0800940,  0.2168462       
# span 10 = 0.0000e+00, 0.0000e+00      
# interval = seconds: 0.0416667
# start_time = Sep 21 2021 12:21:52 [System UTC, header]
# bad_flag = -9.990e-29
*END*
[from data line 4066]
       4067      9.414    15.7247    15.7389   3.309643   3.309089     2.5433     2.4921     0.0040  0.1064676 0.0000e+00
       4068      9.480    15.7167    15.7326   3.310420   3.309664     2.5397     2.4860     0.0040  0.1064676 0.0000e+00
       4069      9.513    15.7084    15.7241   3.311260   3.310253     2.5348     2.4811     0.0040  0.1064676 0.0000e+00
       4070      9.480    15.7001    15.7151   3.311874   3.311234     2.5324     2.4750     0.0040  0.1064676 0.0000e+00
       4071      9.537    15.6911    15.7057   3.312407   3.311940     2.5275     2.4701     0.0040  0.1064676 0.0000e+00
       4072      9.579    15.6822    15.6962   3.313054   3.312605     2.5201     2.4640     0.0040  0.1035372 0.0000e+00
       4073      9.603    15.6711    15.6874   3.313769   3.313234     2.5140     2.4579     0.0038  0.0962112 0.0000e+00
       4074      9.603    15.6609    15.6787   3.314430   3.314046     2.5092     2.4518     0.0037  0.0937692 0.0000e+00
       4075      9.636    15.6504    15.6691   3.315066   3.314644     2.5043     2.4457     0.0037  0.0937692 0.0000e+00
       4076      9.661    15.6389    15.6601   3.315930   3.315415     2.4969     2.4396     0.0037  0.0937692 0.0000e+00
       4077      9.661    15.6274    15.6492   3.316874   3.316111     2.4908     2.4335     0.0037  0.0937692 0.0000e+00
       4078      9.702    15.6141    15.6373   3.317524   3.316905     2.4847     2.4274     0.0037  0.0937692 0.0000e+00
       4079      9.718    15.5984    15.6245   3.318309   3.317772     2.4798     2.4200     0.0037  0.0942576 0.0000e+00
       4080      9.718    15.5844    15.6093   3.319430   3.318639     2.4737     2.4139     0.0037  0.0942576 0.0000e+00
       4081      9.784    15.5713    15.5928   3.320617   3.319629     2.4664     2.4078     0.0037  0.0942576 0.0000e+00
       4082      9.817    15.5581    15.5800   3.321972   3.320763     2.4591     2.4005     0.0037  0.0942576 0.0000e+00
       4083      9.784    15.5438    15.5692   3.323694   3.322010     2.4530     2.3944     0.0037  0.0937692 0.0000e+00
       4084      9.842    15.5304    15.5595   3.325176   3.323316     2.4493     2.3883     0.0037  0.0942576 0.0000e+00
       4085      9.883    15.5176    15.5505   3.326816   3.324638     2.4432     2.3809     0.0037  0.0937692 0.0000e+00
       4086      9.908    15.5031    15.5389   3.328370   3.326121     2.4347     2.3748     0.0037  0.0942576 0.0000e+00
       4087      9.908    15.4827    15.5222   3.330128   3.327779     2.4286     2.3687     0.0037  0.0937692 0.0000e+00
       4088      9.941    15.4632    15.5034   3.331566   3.329527     2.4212     2.3614     0.0037  0.0937692 0.0000e+00
       4089      9.965    15.4340    15.4806   3.333025   3.331431     2.4176     2.3553     0.0037  0.0937692 0.0000e+00
       4090      9.965    15.3976    15.4616   3.334555   3.333128     2.4102     2.3492     0.0037  0.0937692 0.0000e+00
       4091     10.007    15.3595    15.4342   3.335849   3.334787     2.4029     2.3419     0.0037  0.0942576 0.0000e+00
       4092     10.023    15.3225    15.3986   3.336836   3.336359     2.3956     2.3370     0.0037  0.0937692 0.0000e+00
       4093     10.023    15.2913    15.3613   3.337887   3.337560     2.3907     2.3309     0.0037  0.0942576 0.0000e+00
       4094     10.064    15.2690    15.3290   3.338903   3.338450     2.3858     2.3236     0.0037  0.0942576 0.0000e+00
       4095     10.147    15.2363    15.2993   3.340452   3.339384     2.3785     2.3175     0.0037  0.0937692 0.0000e+00
       4096     10.089    15.1819    15.2712   3.342485   3.340520     2.3712     2.3113     0.0037  0.0937692 0.0000e+00
       4097     10.147    15.1356    15.2362   3.344828   3.341939     2.3663     2.3052     0.0037  0.0942576 0.0000e+00
       4098     10.188    15.0864    15.1972   3.347446   3.343818     2.3614     2.2991     0.0035  0.0923040 0.0000e+00
       4099     10.213    15.0317    15.1549   3.350466   3.345719     2.3553     2.2943     0.0035  0.0913272 0.0000e+00
       4100     10.213    14.9754    15.0985   3.353801   3.348247     2.3480     2.2881     0.0035  0.0908388 0.0000e+00
       4101     10.246    14.9179    15.0377   3.357117   3.351236     2.3419     2.2820     0.0035  0.0908388 0.0000e+00
       4102     10.212    14.8621    14.9760   3.360591   3.354481     2.3345     2.2759     0.0035  0.0908388 0.0000e+00
       4103     10.328    14.8022    14.9141   3.364390   3.358015     2.3297     2.2711     0.0035  0.0908388 0.0000e+00
       4104     10.311    14.7273    14.8732   3.368197   3.361804     2.3235     2.2649     0.0035  0.0908388 0.0000e+00
       4105     10.270    14.6510    14.8344   3.371881   3.365552     2.3174     2.2588     0.0035  0.0908388 0.0000e+00
       4106     10.394    14.5972    14.7787   3.375231   3.369386     2.3113     2.2540     0.0035  0.0908388 0.0000e+00
       4107     10.369    14.5586    14.7239   3.377963   3.373198     2.3052     2.2491     0.0035  0.0908388 0.0000e+00
       4108     10.394    14.4987    14.6627   3.380231   3.376536     2.3016     2.2430     0.0035  0.0913272 0.0000e+00
       4109     10.451    14.4559    14.5980   3.382375   3.379690     2.2955     2.2381     0.0035  0.0908388 0.0000e+00
       4110     10.394    14.4083    14.5305   3.384083   3.382417     2.2881     2.2332     0.0035  0.0908388 0.0000e+00
       4111     10.493    14.3600    14.4732   3.385464   3.384450     2.2833     2.2271     0.0035  0.0908388 0.0000e+00
       4112     10.451    14.3152    14.4310   3.386431   3.386112     2.2784     2.2210     0.0035  0.0908388 0.0000e+00
       4113     10.517    14.2703    14.3775   3.387037   3.387387     2.2735     2.2173     0.0035  0.0908388 0.0000e+00
       4114     10.550    14.2350    14.3355   3.387274   3.388300     2.2686     2.2124     0.0035  0.0908388 0.0000e+00
       4115     10.517    14.2183    14.3009   3.387758   3.388977     2.2613     2.2063     0.0035  0.0908388 0.0000e+00
       4116     10.575    14.1995    14.2721   3.387745   3.389310     2.2552     2.2015     0.0035  0.0913272 0.0000e+00
       4117     10.616    14.1814    14.2354   3.387614   3.389394     2.2503     2.1966     0.0035  0.0908388 0.0000e+00
       4118     10.641    14.1565    14.2033   3.387602   3.389410     2.2466     2.1929     0.0035  0.0908388 0.0000e+00
       4119     10.641    14.1192    14.1781   3.386699   3.389384     2.2405     2.1868     0.0035  0.0908388 0.0000e+00
       4120     10.641    14.0892    14.1575   3.385913   3.389153     2.2344     2.1819     0.0035  0.0908388 0.0000e+00
       4121     10.674    14.0579    14.1387   3.384756   3.388595     2.2295     2.1770     0.0035  0.0908388 0.0000e+00
       4122     10.756    14.0299    14.1131   3.383566   3.387769     2.2234     2.1721     0.0035  0.0908388 0.0000e+00
       4123     10.698    14.0111    14.0769   3.382853   3.386571     2.2185     2.1660     0.0035  0.0908388 0.0000e+00
       4124     10.739    13.9952    14.0455   3.382426   3.385128     2.2124     2.1612     0.0037  0.0908388 0.0000e+00
       4125     10.822    13.9799    14.0167   3.382052   3.383889     2.2063     2.1563     0.0037  0.0903504 0.0000e+00
       4126     10.756    13.9722    13.9961   3.381830   3.383166     2.2002     2.1514     0.0037  0.0903504 0.0000e+00
       4127     10.863    13.9640    13.9838   3.381977   3.382740     2.1966     2.1465     0.0037  0.0903504 0.0000e+00
       4128     10.822    13.9532    13.9764   3.382296   3.382527     2.1905     2.1404     0.0037  0.0903504 0.0000e+00
       4129     10.879    13.9402    13.9680   3.382908   3.382696     2.1843     2.1367     0.0037  0.0903504 0.0000e+00
       4130     10.879    13.9256    13.9591   3.383525   3.383075     2.1782     2.1306     0.0037  0.0903504 0.0000e+00
       4131     10.863    13.9125    13.9461   3.384096   3.383552     2.1721     2.1257     0.0037  0.0903504 0.0000e+00
       4132     10.945    13.8997    13.9284   3.384838   3.384305     2.1672     2.1196     0.0037  0.0903504 0.0000e+00
       4133     10.945    13.8884    13.9113   3.385206   3.385039     2.1611     2.1148     0.0037  0.0903504 0.0000e+00
       4134     10.978    13.8789    13.8987   3.385565   3.385587     2.1538     2.1086     0.0037  0.0903504 0.0000e+00
       4135     11.003    13.8689    13.8886   3.386091   3.386050     2.1514     2.1025     0.0037  0.0903504 0.0000e+00
       4136     11.003    13.8594    13.8807   3.386501   3.386456     2.1428     2.0977     0.0037  0.0903504 0.0000e+00
       4137     11.003    13.8508    13.8707   3.386770   3.386918     2.1392     2.0916     0.0037  0.0903504 0.0000e+00
       4138     11.102    13.8432    13.8619   3.386991   3.387350     2.1331     2.0867     0.0037  0.0903504 0.0000e+00
       4139     11.060    13.8355    13.8538   3.387252   3.387595     2.1270     2.0806     0.0037  0.0903504 0.0000e+00
       4140     11.060    13.8281    13.8464   3.387480   3.387865     2.1196     2.0745     0.0037  0.0908388 0.0000e+00
       4141     11.168    13.8188    13.8394   3.387392   3.388087     2.1147     2.0684     0.0037  0.0903504 0.0000e+00
       4142     11.126    13.8071    13.8341   3.387376   3.388193     2.1099     2.0622     0.0037  0.0903504 0.0000e+00
       4143     11.184    13.7984    13.8270   3.387320   3.388252     2.1025     2.0561     0.0037  0.0903504 0.0000e+00
       4144     11.168    13.7884    13.8177   3.387125   3.388274     2.0952     2.0488     0.0037  0.0903504 0.0000e+00
       4145     11.184    13.7784    13.8095   3.386877   3.388192     2.0879     2.0427     0.0037  0.0903504 0.0000e+00
       4146     11.250    13.7663    13.7980   3.386871   3.387993     2.0818     2.0354     0.0037  0.0903504 0.0000e+00
       4147     11.250    13.7551    13.7839   3.386719   3.387819     2.0769     2.0293     0.0037  0.0903504 0.0000e+00
       4148     11.291    13.7445    13.7692   3.386492   3.387550     2.0696     2.0232     0.0037  0.0903504 0.0000e+00
       4149     11.250    13.7348    13.7564   3.386456   3.387444     2.0622     2.0158     0.0035  0.0903504 0.0000e+00
       4150     11.374    13.7281    13.7470   3.386261   3.387380     2.0549     2.0097     0.0035  0.0903504 0.0000e+00
       4151     11.291    13.7234    13.7399   3.386204   3.387261     2.0488     2.0012     0.0035  0.0903504 0.0000e+00
       4152     11.373    13.7172    13.7326   3.386186   3.387131     2.0439     1.9963     0.0035  0.0903504 0.0000e+00
       4153     11.373    13.7124    13.7262   3.386121   3.386895     2.0342     1.9890     0.0035  0.0903504 0.0000e+00
       4154     11.373    13.7088    13.7197   3.386137   3.386905     2.0256     1.9804     0.0035  0.0903504 0.0000e+00
       4155     11.472    13.7068    13.7147   3.386078   3.386823     2.0183     1.9743     0.0035  0.0903504 0.0000e+00
       4156     11.431    13.7027    13.7107   3.385806   3.386820     2.0122     1.9670     0.0035  0.0903504 0.0000e+00
       4157     11.431    13.6965    13.7061   3.385980   3.386843     2.0048     1.9597     0.0035  0.0903504 0.0000e+00
       4158     11.472    13.6928    13.7009   3.385890   3.386755     1.9963     1.9523     0.0035  0.0903504 0.0000e+00
       4159     11.489    13.6863    13.6967   3.385859   3.386653     1.9877     1.9450     0.0035  0.0903504 0.0000e+00
       4160     11.555    13.6815    13.6925   3.385923   3.386655     1.9804     1.9377     0.0035  0.0903504 0.0000e+00
       4161     11.489    13.6749    13.6870   3.385827   3.386714     1.9755     1.9304     0.0035  0.0903504 0.0000e+00
       4162     11.596    13.6682    13.6808   3.385749   3.386623     1.9670     1.9230     0.0035  0.0903504 0.0000e+00
       4163     11.554    13.6615    13.6731   3.385712   3.386472     1.9609     1.9145     0.0035  0.0903504 0.0000e+00
       4164     11.612    13.6538    13.6653   3.385589   3.386362     1.9511     1.9072     0.0035  0.0903504 0.0000e+00
       4165     11.612    13.6459    13.6592   3.385529   3.386345     1.9438     1.8998     0.0035  0.0903504 0.0000e+00
       4166     11.653    13.6373    13.6517   3.385630   3.386345     1.9365     1.8925     0.0035  0.0903504 0.0000e+00
       4167     11.678    13.6281    13.6442   3.385548   3.386300     1.9291     1.8852     0.0035  0.0903504 0.0000e+00
       4168     11.678    13.6219    13.6379   3.385699   3.386264     1.9218     1.8779     0.0035  0.0903504 0.0000e+00
       4169     11.711    13.6181    13.6305   3.386003   3.386329     1.9133     1.8693     0.0035  0.0903504 0.0000e+00
       4170     11.736    13.6132    13.6239   3.386112   3.386475     1.9059     1.8620     0.0035  0.0903504 0.0000e+00
       4171     11.736    13.6020    13.6177   3.386476   3.386555     1.8998     1.8547     0.0035  0.0903504 0.0000e+00
       4172     11.736    13.5804    13.6130   3.386911   3.386859     1.8925     1.8473     0.0035  0.0903504 0.0000e+00
       4173     11.777    13.5555    13.6049   3.386944   3.387403     1.8827     1.8400     0.0035  0.0903504 0.0000e+00
       4174     11.793    13.5297    13.5891   3.387415   3.387705     1.8754     1.8327     0.0035  0.0903504 0.0000e+00
       4175     11.859    13.5054    13.5684   3.387555   3.387862     1.8693     1.8254     0.0037  0.0908388 0.0000e+00
       4176     11.834    13.4855    13.5411   3.387521   3.388034     1.8620     1.8192     0.0037  0.0908388 0.0000e+00
       4177     11.859    13.4658    13.5098   3.387337   3.388329     1.8546     1.8119     0.0037  0.0908388 0.0000e+00
       4178     11.859    13.4455    13.4807   3.386876   3.388444     1.8461     1.8046     0.0037  0.0908388 0.0000e+00
       4179     11.917    13.4206    13.4590   3.386528   3.388310     1.8400     1.7973     0.0037  0.0908388 0.0000e+00
       4180     11.900    13.3952    13.4417   3.386230   3.387948     1.8339     1.7912     0.0037  0.0908388 0.0000e+00
       4181     11.983    13.3775    13.4270   3.385856   3.387589     1.8266     1.7838     0.0037  0.0908388 0.0000e+00
       4182     11.983    13.3685    13.4144   3.385784   3.387267     1.8192     1.7777     0.0037  0.0913272 0.0000e+00
       4183     11.983    13.3607    13.4022   3.385862   3.386965     1.8107     1.7716     0.0037  0.0908388 0.0000e+00
       4184     12.024    13.3532    13.3938   3.386028   3.386671     1.8046     1.7643     0.0037  0.0908388 0.0000e+00
       4185     12.040    13.3482    13.3845   3.386243   3.386685     1.7997     1.7582     0.0037  0.0908388 0.0000e+00
       4186     12.040    13.3416    13.3750   3.386419   3.386662     1.7924     1.7509     0.0037  0.0908388 0.0000e+00
       4187     12.024    13.3250    13.3651   3.386928   3.386575     1.7838     1.7448     0.0037  0.0908388 0.0000e+00
       4188     12.106    13.2981    13.3574   3.387833   3.386485     1.7777     1.7387     0.0037  0.0908388 0.0000e+00
       4189     12.106    13.2745    13.3507   3.388926   3.386445     1.7716     1.7326     0.0037  0.0908388 0.0000e+00
       4190     12.164    13.2646    13.3462   3.390102   3.386356     1.7667     1.7264     0.0037  0.0908388 0.0000e+00
       4191     12.139    13.2708    13.3441   3.390350   3.386235     1.7606     1.7203     0.0037  0.0908388 0.0000e+00
       4192     12.164    13.2847    13.3425   3.389853   3.386140     1.7521     1.7142     0.0037  0.0908388 0.0000e+00
       4193     12.164    13.2968    13.3406   3.389042   3.386129     1.7448     1.7081     0.0037  0.0908388 0.0000e+00
       4194     12.221    13.3039    13.3392   3.388466   3.386086     1.7411     1.7020     0.0037  0.0908388 0.0000e+00
       4195     12.263    13.3080    13.3384   3.388112   3.386062     1.7362     1.6971     0.0037  0.0908388 0.0000e+00
       4196     12.221    13.3095    13.3371   3.387799   3.386065     1.7289     1.6910     0.0037  0.0908388 0.0000e+00
