data/2021/ctd_data_day1/Station 1 ex 210921_ctm_fil_le_der.cnv
* Sea-Bird SBE 9 Data File:
* FileName = C:\Users\CTD-User\Desktop\MAR440\Station 1 ex 210921.hex
* Software Version Seasave V 7.26.2.13
* Temperature SN = 6313
* Conductivity SN = 4758
* Number of Bytes Per Scan = 30
* Number of Voltage Words = 4
* Number of Scans Averaged by the Deck Unit = 1
* NMEA baud rate = 4800
** Ship:
** Station:
** Operator:
# nquan = 16                                
# nvalues = 3592                        
# units = specified
# name 0 = scan: Scan Count
# name 1 = prDM: Pressure, Digiquartz [db]
# name 2 = t090C: Temperature [ITS-90, deg C]
# name 3 = t190C: Temperature, 2 [ITS-90, deg C]
# name 4 = c0S/m: Conductivity [S/m]
# name 5 = c1S/m: Conductivity, 2 [S/m]
# name 6 = sbeox0V: Oxygen raw, SBE 43 [V]
# name 7 = sbeox1V: Oxygen raw, SBE 43, 2 [V]
# name 8 = flECO-AFL: Fluorescence, WET Labs ECO-AFL/FL [mg/m^3]
# name 9 = upoly0: Upoly 0, Turbidity
# name 10 = depSM: Depth [salt water, m], lat = 59
# name 11 = sal00: Salinity, Practical [PSU]
# name 12 = sal11: Salinity, Practical, 2 [PSU]
# name 13 = sbeox0ML/L: Oxygen, SBE 43 [ml/l], WS = 2
# name 14 = sbeox1ML/L: Oxygen, SBE 43, 2 [ml/l], WS = 2
# name 15 = flag: flag
# span 0 =          1,       3592       
# span 1 =      0.209,     30.533       
# span 2 =     7.9664,    16.1288       
# span 3 =     7.9555,    16.1351       
# span 4 =   2.884986,   3.768774       
# span 5 =   2.872738,   3.769854       
# span 6 =     0.6778,     2.8827       
# span 7 =     0.7295,     2.7937       
# span 8 =     0.0035,     0.1207       
# span 9 =  0.0866592,  0.1704992       
# span 10 =      0.207,     30.245      
# span 11 =    22.3329,    32.1221      
# span 12 =    22.5603,    32.0933      
# span 13 =     0.4259,     7.0525      
# span 14 =     0.6473,     5.9082      
# span 15 = 0.0000e+00, 0.0000e+00      
# interval = seconds: 0.0416667
# start_time = Sep 21 2021 11:23:14 [System UTC, header]
# bad_flag = -9.990e-29
*END*
[from data line 904]
        905      1.558    14.6206    14.3032   2.894954   2.889777     2.1823     2.2397     0.0046  0.1622979      1.543    22.8355    22.9772     4.9773     4.4967 -9.990e-29
        906      1.536    14.6125    14.3012   2.894944   2.889812     2.1821     2.2390     0.0046  0.1623177      1.522    22.8401    22.9787     4.9774     4.4964 -9.990e-29
        907      1.515    14.6052    14.3001   2.894938   2.889850     2.1819     2.2382     0.0046  0.1623421      1.501    22.8444    22.9797     4.9776     4.4958 -9.990e-29
        908      1.494    14.5988    14.2999   2.894935   2.889890     2.1816     2.2375     0.0046  0.1623713      1.480    22.8481    22.9802     4.9773     4.4955 -9.990e-29
        909      1.473    14.5933    14.3006   2.894937   2.889933     2.1814     2.2367     0.0046  0.1624054      1.459    22.8514    22.9802     4.9773     4.4949 -9.990e-29
        910      1.452    14.5888    14.3024   2.894943   2.889978     2.1811     2.2360     0.0046  0.1624447      1.438    22.8540    22.9795     4.9769     4.4945 -9.990e-29
        911      1.432    14.5852    14.3053   2.894953   2.890027     2.1809     2.2353     0.0046  0.1624895      1.419    22.8563    22.9782     4.9767     4.4941 -9.990e-29
        912      1.411    14.5826    14.3093   2.894967   2.890081     2.1807     2.2346     0.0046  0.1625401      1.398    22.8579    22.9763     4.9765     4.4936 -9.990e-29
        913      1.390    14.5809    14.3145   2.894986   2.890138     2.1804     2.2339     0.0046  0.1625952      1.377    22.8591    22.9737     4.9760     4.4930 -9.990e-29
        914      1.369    14.5803    14.3206   2.895010   2.890199     2.1802     2.2333     0.0046  0.1626517      1.356    22.8596    22.9707     4.9756     4.4927 -9.990e-29
        915      1.348    14.5806    14.3274   2.895037   2.890263     2.1800     2.2326     0.0046  0.1627074      1.335    22.8597    22.9672     4.9752     4.4921 -9.990e-29
        916      1.328    14.5820    14.3344   2.895068   2.890327     2.1798     2.2320     0.0044  0.1627620      1.316    22.8592    22.9636     4.9746     4.4918 -9.990e-29
        917      1.307    14.5844    14.3413   2.895102   2.890391     2.1795     2.2314     0.0044  0.1628166      1.295    22.8581    22.9601     4.9737     4.4915 -9.990e-29
        918      1.287    14.5878    14.3476   2.895141   2.890454     2.1793     2.2308     0.0046  0.1628725      1.275    22.8564    22.9570     4.9731     4.4913 -9.990e-29
        919      1.266    14.5920    14.3532   2.895181   2.890513     2.1791     2.2303     0.0044  0.1629292      1.254    22.8543    22.9542     4.9724     4.4914 -9.990e-29
        920      1.246    14.5967    14.3576   2.895223   2.890568     2.1789     2.2297     0.0044  0.1629854      1.234    22.8519    22.9521     4.9716     4.4914 -9.990e-29
        921      1.225    14.6014    14.3608   2.895264   2.890618     2.1787     2.2292     0.0044  0.1630406      1.214    22.8495    22.9506     4.9709     4.4918 -9.990e-29
        922      1.205    14.6059    14.3626   2.895302   2.890663     2.1785     2.2287     0.0046  0.1630962      1.194    22.8472    22.9499     4.9701     4.4923 -9.990e-29
        923      1.184    14.6101    14.3630   2.895339   2.890704     2.1782     2.2282     0.0044  0.1631541      1.173    22.8451    22.9501     4.9692     4.4929 -9.990e-29
        924      1.164    14.6141    14.3621   2.895375   2.890741     2.1780     2.2277     0.0046  0.1632156      1.153    22.8431    22.9509     4.9685     4.4937 -9.990e-29
        925      1.143    14.6178    14.3599   2.895410   2.890773     2.1778     2.2272     0.0044  0.1632803      1.132    22.8412    22.9525     4.9678     4.4945 -9.990e-29
        926      1.123    14.6211    14.3563   2.895444   2.890801     2.1776     2.2268     0.0044  0.1633479      1.112    22.8396    22.9549     4.9673     4.4959 -9.990e-29
        927      1.103    14.6240    14.3513   2.895477   2.890825     2.1774     2.2264     0.0044  0.1634186      1.093    22.8382    22.9581     4.9667     4.4973 -9.990e-29
        928      1.082    14.6262    14.3449   2.895509   2.890844     2.1772     2.2260     0.0044  0.1634932      1.072    22.8372    22.9620     4.9662     4.4990 -9.990e-29
        929      1.062    14.6276    14.3372   2.895538   2.890858     2.1770     2.2256     0.0046  0.1635729      1.052    22.8366    22.9667     4.9658     4.5008 -9.990e-29
        930      1.042    14.6281    14.3282   2.895566   2.890869     2.1768     2.2252     0.0044  0.1636582      1.032    22.8366    22.9721     4.9655     4.5027 -9.990e-29
        931      1.022    14.6276    14.3183   2.895591   2.890877     2.1767     2.2249     0.0044  0.1637482      1.012    22.8371    22.9781     4.9656     4.5051 -9.990e-29
        932      1.002    14.6261    14.3077   2.895613   2.890884     2.1765     2.2245     0.0046  0.1638425      0.993    22.8381    22.9844     4.9655     4.5073 -9.990e-29
        933      0.982    14.6237    14.2969   2.895631   2.890892     2.1763     2.2242     0.0046  0.1639418      0.973    22.8397    22.9909     4.9655     4.5099 -9.990e-29
        934      0.962    14.6205    14.2860   2.895647   2.890900     2.1761     2.2239     0.0046  0.1640477      0.953    22.8417    22.9974     4.9655     4.5126 -9.990e-29
        935      0.942    14.6168    14.2753   2.895659   2.890911     2.1760     2.2237     0.0046  0.1641625      0.933    22.8440    23.0039     4.9660     4.5157 -9.990e-29
        936      0.923    14.6125    14.2650   2.895668   2.890925     2.1758     2.2234     0.0044  0.1642872      0.914    22.8466    23.0101     4.9661     4.5186 -9.990e-29
        937      0.903    14.6079    14.2551   2.895674   2.890942     2.1756     2.2232     0.0044  0.1644208      0.895    22.8494    23.0161     4.9664     4.5219 -9.990e-29
        938      0.883    14.6031    14.2456   2.895678   2.890962     2.1754     2.2229     0.0044  0.1645617      0.875    22.8522    23.0220     4.9666     4.5249 -9.990e-29
        939      0.864    14.5982    14.2366   2.895680   2.890986     2.1753     2.2227     0.0046  0.1647041      0.856    22.8551    23.0275     4.9672     4.5283 -9.990e-29
        940      0.844    14.5931    14.2280   2.895681   2.891012     2.1751     2.2226     0.0044  0.1648389      0.836    22.8581    23.0329     4.9675     4.5321 -9.990e-29
        941      0.824    14.5879    14.2199   2.895682   2.891042     2.1749     2.2224     0.0046  0.1649601      0.816    22.8612    23.0379     4.9679     4.5358 -9.990e-29
        942      0.805    14.5825    14.2123   2.895683   2.891073     2.1748     2.2223     0.0044  0.1650678      0.797    22.8644    23.0427     4.9686     4.5398 -9.990e-29
        943      0.785    14.5770    14.2052   2.895684   2.891106     2.1746     2.2222     0.0044  0.1651644      0.778    22.8676    23.0473     4.9690     4.5440 -9.990e-29
        944      0.765    14.5715    14.1985   2.895687   2.891142     2.1745     2.2221     0.0046  0.1652514      0.758    22.8709    23.0516     4.9698     4.5483 -9.990e-29
        945      0.746    14.5660    14.1924   2.895690   2.891179     2.1743     2.2220     0.0046  0.1653294      0.739    22.8741    23.0555     4.9703     4.5528 -9.990e-29
        946      0.726    14.5608    14.1869   2.895694   2.891217     2.1741     2.2220     0.0044  0.1653982      0.719    22.8772    23.0591     4.9708     4.5577 -9.990e-29
        947      0.707    14.5558    14.1820   2.895700   2.891258     2.1740     2.2220     0.0046  0.1654565      0.700    22.8802    23.0624     4.9716     4.5629 -9.990e-29
        948      0.687    14.5512    14.1777   2.895706   2.891300     2.1738     2.2220     0.0046  0.1655038      0.681    22.8830    23.0654     4.9721     4.5682 -9.990e-29
        949      0.667    14.5469    14.1739   2.895712   2.891344     2.1737     2.2221     0.0044  0.1655414      0.661    22.8856    23.0680     4.9729     4.5740 -9.990e-29
        950      0.648    14.5431    14.1708   2.895719   2.891389     2.1736     2.2223     0.0046  0.1655711      0.642    22.8878    23.0703     4.9737     4.5802 -9.990e-29
        951      0.629    14.5398    14.1684   2.895726   2.891435     2.1734     2.2224     0.0044  0.1655941      0.623    22.8899    23.0721     4.9742     4.5864 -9.990e-29
        952      0.610    14.5368    14.1666   2.895733   2.891482     2.1733     2.2227     0.0044  0.1656097      0.604    22.8917    23.0736     4.9750     4.5934 -9.990e-29
        953      0.591    14.5344    14.1654   2.895739   2.891530     2.1732     2.2230     0.0046  0.1656171      0.585    22.8932    23.0747     4.9757     4.6006 -9.990e-29
        954      0.572    14.5324    14.1649   2.895747   2.891580     2.1731     2.2233     0.0044  0.1656172      0.567    22.8944    23.0755     4.9765     4.6080 -9.990e-29
        955      0.554    14.5310    14.1650   2.895757   2.891631     2.1730     2.2237     0.0046  0.1656101      0.549    22.8953    23.0759     4.9772     4.6160 -9.990e-29
        956      0.537    14.5301    14.1658   2.895770   2.891684     2.1729     2.2241     0.0044  0.1655939      0.532    22.8960    23.0759     4.9779     4.6242 -9.990e-29
        957      0.519    14.5299    14.1672   2.895787   2.891739     2.1728     2.2247     0.0046  0.1655678      0.514    22.8962    23.0755     4.9786     4.6331 -9.990e-29
        958      0.503    14.5303    14.1693   2.895808   2.891796     2.1727     2.2252     0.0046  0.1655323      0.498    22.8962    23.0748     4.9792     4.6419 -9.990e-29
        959      0.486    14.5315    14.1721   2.895833   2.891856     2.1727     2.2259     0.0046  0.1654889      0.481    22.8957    23.0736     4.9801     4.6515 -9.990e-29
        960      0.470    14.5333    14.1756   2.895863   2.891919     2.1726     2.2266     0.0046  0.1654374      0.466    22.8949    23.0721     4.9807     4.6613 -9.990e-29
        961      0.455    14.5359    14.1798   2.895897   2.891986     2.1725     2.2274     0.0044  0.1653757      0.451    22.8937    23.0702     4.9812     4.6715 -9.990e-29
        962      0.440    14.5393    14.1847   2.895935   2.892057     2.1725     2.2282     0.0046  0.1653033      0.436    22.8920    23.0679     4.9819     4.6818 -9.990e-29
        963      0.426    14.5437    14.1904   2.895977   2.892131     2.1725     2.2291     0.0044  0.1652215      0.422    22.8898    23.0652     4.9826     4.6925 -9.990e-29
        964      0.413    14.5490    14.1969   2.896025   2.892210     2.1724     2.2302     0.0042  0.1651330      0.409    22.8871    23.0620     4.9829     4.7038 -9.990e-29
        965      0.401    14.5554    14.2042   2.896078   2.892294     2.1724     2.2312     0.0042  0.1650441      0.397    22.8838    23.0584     4.9833     4.7149 -9.990e-29
        966      0.389    14.5630    14.2124   2.896138   2.892383     2.1724     2.2324     0.0042  0.1649609      0.385    22.8799    23.0543     4.9837     4.7265 -9.990e-29
        967      0.377    14.5717    14.2215   2.896203   2.892478     2.1724     2.2337     0.0042  0.1648862      0.373    22.8753    23.0497     4.9839     4.7384 -9.990e-29
        968      0.367    14.5818    14.2316   2.896274   2.892578     2.1725     2.2351     0.0042  0.1648204      0.364    22.8700    23.0446     4.9843     4.7504 -9.990e-29
        969      0.357    14.5930    14.2428   2.896351   2.892685     2.1725     2.2366     0.0042  0.1647631      0.354    22.8641    23.0389     4.9843     4.7626 -9.990e-29
        970      0.347    14.6053    14.2552   2.896433   2.892798     2.1725     2.2382     0.0042  0.1647137      0.344    22.8576    23.0325     4.9841     4.7749 -9.990e-29
        971      0.337    14.6184    14.2688   2.896519   2.892917     2.1726     2.2400     0.0042  0.1646720      0.334    22.8507    23.0255     4.9841     4.7874 -9.990e-29
        972      0.328    14.6322    14.2837   2.896606   2.893043     2.1726     2.2418     0.0042  0.1646377      0.325    22.8434    23.0177     4.9838     4.7997 -9.990e-29
        973      0.320    14.6464    14.3001   2.896695   2.893175     2.1727     2.2438     0.0042  0.1646106      0.317    22.8358    23.0092     4.9836     4.8123 -9.990e-29
        974      0.312    14.6610    14.3180   2.896784   2.893314     2.1728     2.2459     0.0042  0.1645904      0.309    22.8281    22.9998     4.9834     4.8247 -9.990e-29
        975      0.304    14.6756    14.3373   2.896872   2.893460     2.1729     2.2481     0.0042  0.1645770      0.301    22.8203    22.9896     4.9831     4.8369 -9.990e-29
        976      0.297    14.6903    14.3580   2.896958   2.893612     2.1730     2.2505     0.0042  0.1645696      0.294    22.8125    22.9787     4.9827     4.8493 -9.990e-29
        977      0.291    14.7047    14.3798   2.897042   2.893769     2.1731     2.2529     0.0042  0.1645670      0.288    22.8048    22.9672     4.9822     4.8613 -9.990e-29
        978      0.285    14.7189    14.4025   2.897123   2.893931     2.1732     2.2555     0.0042  0.1645695      0.282    22.7972    22.9552     4.9817     4.8733 -9.990e-29
        979      0.279    14.7328    14.4259   2.897201   2.894098     2.1733     2.2582     0.0042  0.1645769      0.276    22.7898    22.9428     4.9812     4.8851 -9.990e-29
        980      0.274    14.7463    14.4497   2.897275   2.894268     2.1734     2.2610     0.0042  0.1645901      0.271    22.7825    22.9303     4.9807     4.8967 -9.990e-29
        981      0.269    14.7595    14.4740   2.897346   2.894442     2.1735     2.2638     0.0042  0.1646102      0.266    22.7755    22.9175     4.9800     4.9078 -9.990e-29
        982      0.264    14.7724    14.4985   2.897415   2.894620     2.1737     2.2668     0.0042  0.1646373      0.262    22.7685    22.9046     4.9796     4.9190 -9.990e-29
        983      0.261    14.7851    14.5233   2.897483   2.894801     2.1738     2.2698     0.0042  0.1646715      0.259    22.7617    22.8916     4.9788     4.9296 -9.990e-29
        984      0.257    14.7977    14.5480   2.897550   2.894986     2.1739     2.2729     0.0042  0.1647130      0.255    22.7550    22.8787     4.9780     4.9399 -9.990e-29
        985      0.254    14.8102    14.5727   2.897617   2.895175     2.1741     2.2760     0.0042  0.1647623      0.252    22.7483    22.8658     4.9773     4.9496 -9.990e-29
        986      0.251    14.8226    14.5972   2.897685   2.895368     2.1742     2.2792     0.0042  0.1648195      0.249    22.7417    22.8532     4.9763     4.9591 -9.990e-29
        987      0.249    14.8348    14.6214   2.897752   2.895566     2.1743     2.2825     0.0042  0.1648852      0.247    22.7352    22.8407     4.9752     4.9683 -9.990e-29
        988      0.246    14.8467    14.6454   2.897818   2.895768     2.1745     2.2857     0.0042  0.1649597      0.244    22.7288    22.8284     4.9743     4.9766 -9.990e-29
        989      0.244    14.8583    14.6690   2.897882   2.895975     2.1746     2.2890     0.0042  0.1650420      0.242    22.7226    22.8164     4.9730     4.9846 -9.990e-29
        990      0.242    14.8694    14.6920   2.897944   2.896187     2.1747     2.2923     0.0042  0.1651256      0.240    22.7167    22.8048     4.9717     4.9920 -9.990e-29
        991      0.241    14.8800    14.7141   2.898005   2.896403     2.1748     2.2956     0.0042  0.1652029      0.239    22.7111    22.7938     4.9704     4.9989 -9.990e-29
        992      0.240    14.8901    14.7354   2.898064   2.896625     2.1749     2.2988     0.0042  0.1652708      0.238    22.7058    22.7833     4.9689     5.0051 -9.990e-29
        993      0.239    14.8997    14.7556   2.898122   2.896854     2.1750     2.3021     0.0042  0.1653308      0.237    22.7007    22.7735     4.9675     5.0110 -9.990e-29
        994      0.238    14.9088    14.7748   2.898180   2.897091     2.1751     2.3053     0.0042  0.1653840      0.236    22.6959    22.7643     4.9660     5.0162 -9.990e-29
