data/2021/ctd_data_day1/Station 1 210921.cnv
* Sea-Bird SBE 9 Data File:
* FileName = C:\Users\CTD-User\Desktop\MAR440\Station 1 210921.hex
* Software Version Seasave V 7.26.2.13
* Temperature SN = 6313
* Conductivity SN = 4758
* Number of Bytes Per Scan = 30
* Number of Voltage Words = 4
* Number of Scans Averaged by the Deck Unit = 1
* NMEA baud rate = 4800
** Ship:
** Station:
** Operator:
# nquan = 11
# nvalues = 5940                                  
# units = specified
# name 0 = scan: Scan Count
# name 1 = prDM: Pressure, Digiquartz [db]
# name 2 = t090C: Temperature [ITS-90, deg C]
# name 3 = t190C: Temperature, 2 [ITS-90, deg C]
# name 4 = c0S/m: Conductivity [S/m]
# name 5 = c1S/m: Conductivity, 2 [S/m]
# name 6 = sbeox0V: Oxygen raw, SBE 43 [V]
# name 7 = sbeox1V: Oxygen raw, SBE 43, 2 [V]
# name 8 = flECO-AFL: Fluorescence, WET Labs ECO-AFL/FL [mg/m^3]
# name 9 = upoly0: Upoly 0, Turbidity
# name 10 = flag:  0.000e+00
# span 0 =          1,       5940                 
# span 1 =      0.327,     13.973                 
# span 2 =    11.9529,    16.0393                 
# span 3 =    11.9540,    16.0416                 
# span 4 =   2.808631,   3.425009                 
# span 5 =   2.808411,   3.418136                 
# span 6 =     0.9938,     2.8596                 
# span 7 =     1.0231,     2.7656                 
# span 8 =     0.0040,     0.0086                 
# span 9 =  0.0918156,  0.2139158                 
# span 10 = 0.0000e+00, 0.0000e+00                
# interval = seconds: 0.0416667
# start_time = Sep 21 2021 08:43:04 [System UTC, header]
# bad_flag = -9.990e-29
*END*
[from data line 1312]
       1313      9.532    15.7675    15.6881   3.179825   3.184089     2.2014     2.1208     0.0057  0.1538425  0.000e+00
       1314      9.466    15.7619    15.6974   3.179859   3.185530     2.2014     2.1208     0.0057  0.1538425  0.000e+00
       1315      9.565    15.7568    15.7065   3.179406   3.186400     2.2027     2.1208     0.0057  0.1538425  0.000e+00
       1316      9.466    15.7527    15.7065   3.178589   3.186394     2.2027     2.1208     0.0057  0.1538425  0.000e+00
       1317      9.532    15.7488    15.7062   3.177387   3.185025     2.2014     2.1208     0.0057  0.1538425  0.000e+00
       1318      9.508    15.7441    15.7039   3.175687   3.182721     2.2014     2.1208     0.0057  0.1538425  0.000e+00
       1319      9.532    15.7408    15.7005   3.173704   3.180837     2.2014     2.1208     0.0057  0.1538425  0.000e+00
       1320      9.532    15.7447    15.6971   3.172066   3.180164     2.2027     2.1208     0.0057  0.1538425  0.000e+00
       1321      9.442    15.7524    15.6929   3.170815   3.180943     2.2014     2.1208     0.0057  0.1538425  0.000e+00
       1322      9.590    15.7585    15.6944   3.170112   3.182468     2.2002     2.1208     0.0057  0.1538425  0.000e+00
       1323      9.466    15.7629    15.7103   3.169427   3.183068     2.2002     2.1208     0.0057  0.1538425  0.000e+00
       1324      9.532    15.7658    15.7336   3.168855   3.182311     2.2014     2.1208     0.0055  0.1538425  0.000e+00
       1325      9.508    15.7663    15.7487   3.168730   3.180887     2.2014     2.1208     0.0057  0.1538425  0.000e+00
       1326      9.532    15.7658    15.7550   3.168708   3.179676     2.2002     2.1208     0.0055  0.1538425  0.000e+00
       1327      9.466    15.7628    15.7548   3.168617   3.179205     2.2002     2.1221     0.0057  0.1538425  0.000e+00
       1328      9.565    15.7573    15.7470   3.168606   3.178751     2.2002     2.1221     0.0057  0.1538425  0.000e+00
       1329      9.466    15.7536    15.7343   3.168719   3.178051     2.2014     2.1221     0.0057  0.1538425  0.000e+00
       1330      9.532    15.7521    15.7208   3.168827   3.177866     2.2014     2.1233     0.0057  0.1538425  0.000e+00
       1331      9.508    15.7539    15.7111   3.168736   3.178001     2.2002     2.1233     0.0057  0.1538425  0.000e+00
       1332      9.532    15.7575    15.7200   3.168764   3.177799     2.2002     2.1245     0.0057  0.1538425  0.000e+00
       1333      9.466    15.7587    15.7386   3.168062   3.177244     2.2002     2.1257     0.0057  0.1538425  0.000e+00
       1334      9.508    15.7568    15.7511   3.166981   3.176689     2.2002     2.1257     0.0057  0.1514005  0.000e+00
       1335      9.532    15.7543    15.7482   3.165611   3.176084     2.2014     2.1270     0.0057  0.1499353  0.000e+00
       1336      9.532    15.7522    15.7393   3.163771   3.175244     2.2014     2.1282     0.0057  0.1499353  0.000e+00
       1337      9.507    15.7510    15.7361   3.162306   3.174224     2.2002     2.1282     0.0057  0.1499353  0.000e+00
       1338      9.532    15.7507    15.7319   3.161174   3.173295     2.2002     2.1294     0.0057  0.1499353  0.000e+00
       1339      9.466    15.7502    15.7232   3.160105   3.172830     2.2027     2.1306     0.0057  0.1499353  0.000e+00
       1340      9.507    15.7495    15.7135   3.159098   3.173799     2.2014     2.1318     0.0055  0.1499353  0.000e+00
       1341      9.532    15.7492    15.7100   3.158120   3.175659     2.2014     2.1318     0.0057  0.1499353  0.000e+00
       1342      9.532    15.7480    15.7133   3.156983   3.177989     2.2014     2.1331     0.0057  0.1499353  0.000e+00
       1343      9.507    15.7447    15.7149   3.156113   3.180641     2.2014     2.1343     0.0057  0.1499353  0.000e+00
       1344      9.466    15.7401    15.7129   3.155067   3.183433     2.2051     2.1355     0.0057  0.1499353  0.000e+00
       1345      9.532    15.7352    15.7101   3.154140   3.185726     2.2027     2.1367     0.0057  0.1499353  0.000e+00
       1346      9.507    15.7306    15.7095   3.153201   3.187819     2.2027     2.1367     0.0057  0.1499353  0.000e+00
       1347      9.466    15.7298    15.7127   3.152297   3.189850     2.2027     2.1379     0.0057  0.1499353  0.000e+00
       1348      9.532    15.7320    15.7205   3.151613   3.191399     2.2039     2.1379     0.0057  0.1499353  0.000e+00
       1349      9.507    15.7351    15.7340   3.151291   3.192073     2.2051     2.1404     0.0057  0.1499353  0.000e+00
       1350      9.532    15.7398    15.7475   3.151687   3.192353     2.2051     2.1404     0.0057  0.1499353  0.000e+00
       1351      9.532    15.7465    15.7576   3.152472   3.192802     2.2039     2.1416     0.0057  0.1499353  0.000e+00
       1352      9.507    15.7498    15.7645   3.153591   3.193414     2.2039     2.1428     0.0057  0.1499353  0.000e+00
       1353      9.466    15.7483    15.7689   3.154394   3.193683     2.2063     2.1428     0.0057  0.1499353  0.000e+00
       1354      9.532    15.7438    15.7714   3.155208   3.193526     2.2063     2.1441     0.0057  0.1499353  0.000e+00
       1355      9.532    15.7413    15.7715   3.155558   3.193481     2.2063     2.1453     0.0057  0.1499353  0.000e+00
       1356      9.507    15.7412    15.7705   3.155208   3.193841     2.2063     2.1453     0.0057  0.1499353  0.000e+00
       1357      9.532    15.7414    15.7699   3.155123   3.194396     2.2063     2.1465     0.0057  0.1499353  0.000e+00
       1358      9.466    15.7410    15.7695   3.155072   3.194913     2.2100     2.1477     0.0055  0.1499353  0.000e+00
       1359      9.507    15.7401    15.7654   3.154852   3.194947     2.2100     2.1489     0.0057  0.1479817  0.000e+00
       1360      9.532    15.7398    15.7634   3.155095   3.194475     2.2100     2.1489     0.0057  0.1426093  0.000e+00
       1361      9.532    15.7399    15.7649   3.155214   3.194138     2.2100     2.1502     0.0057  0.1406557  0.000e+00
       1362      9.441    15.7398    15.7654   3.154829   3.193700     2.2100     2.1514     0.0057  0.1406557  0.000e+00
       1363      9.532    15.7395    15.7688   3.154049   3.192263     2.2124     2.1514     0.0057  0.1411441  0.000e+00
       1364      9.532    15.7391    15.7751   3.153094   3.190472     2.2124     2.1526     0.0057  0.1411441  0.000e+00
       1365      9.507    15.7383    15.7819   3.152111   3.189653     2.2124     2.1526     0.0057  0.1411441  0.000e+00
       1366      9.532    15.7378    15.7861   3.151393   3.190186     2.2136     2.1538     0.0057  0.1411441  0.000e+00
       1367      9.466    15.7372    15.7870   3.150969   3.191168     2.2149     2.1550     0.0057  0.1411441  0.000e+00
       1368      9.565    15.7376    15.7834   3.150591   3.191904     2.2161     2.1550     0.0057  0.1411441  0.000e+00
       1369      9.466    15.7383    15.7779   3.150477   3.192302     2.2161     2.1563     0.0057  0.1411441  0.000e+00
       1370      9.532    15.7393    15.7751   3.150268   3.192577     2.2161     2.1563     0.0057  0.1411441  0.000e+00
       1371      9.507    15.7401    15.7753   3.150302   3.192886     2.2161     2.1575     0.0057  0.1406557  0.000e+00
       1372      9.532    15.7391    15.7752   3.150494   3.193515     2.2198     2.1587     0.0057  0.1411441  0.000e+00
       1373      9.466    15.7386    15.7739   3.150907   3.194570     2.2198     2.1599     0.0057  0.1411441  0.000e+00
       1374      9.507    15.7423    15.7732   3.151167   3.195615     2.2210     2.1599     0.0057  0.1411441  0.000e+00
       1375      9.532    15.7488    15.7728   3.151528   3.196704     2.2198     2.1599     0.0057  0.1411441  0.000e+00
       1376      9.532    15.7541    15.7727   3.152184   3.197991     2.2210     2.1611     0.0057  0.1411441  0.000e+00
       1377      9.507    15.7578    15.7720   3.152687   3.198940     2.2234     2.1624     0.0057  0.1411441  0.000e+00
       1378      9.532    15.7599    15.7687   3.153009   3.199536     2.2246     2.1624     0.0057  0.1411441  0.000e+00
       1379      9.466    15.7585    15.7668   3.152907   3.200148     2.2246     2.1636     0.0057  0.1411441  0.000e+00
       1380      9.507    15.7543    15.7668   3.152851   3.200704     2.2259     2.1636     0.0057  0.1411441  0.000e+00
       1381      9.532    15.7492    15.7673   3.152749   3.200879     2.2271     2.1648     0.0057  0.1411441  0.000e+00
       1382      9.532    15.7469    15.7673   3.152664   3.200811     2.2295     2.1648     0.0057  0.1411441  0.000e+00
       1383      9.507    15.7470    15.7691   3.152348   3.200867     2.2283     2.1660     0.0057  0.1411441  0.000e+00
       1384      9.532    15.7447    15.7707   3.152269   3.200609     2.2295     2.1660     0.0057  0.1411441  0.000e+00
       1385      9.532    15.7430    15.7717   3.152387   3.200030     2.2295     2.1673     0.0057  0.1391905  0.000e+00
       1386      9.466    15.7475    15.7744   3.152512   3.199631     2.2307     2.1673     0.0057  0.1372369  0.000e+00
       1387      9.507    15.7618    15.7776   3.152709   3.199620     2.2332     2.1673     0.0057  0.1367485  0.000e+00
       1388      9.532    15.7774    15.7777   3.153201   3.199659     2.2344     2.1685     0.0057  0.1367485  0.000e+00
       1389      9.532    15.7838    15.7785   3.154037   3.199890     2.2344     2.1685     0.0057  0.1372369  0.000e+00
       1390      9.507    15.7791    15.7822   3.154767   3.200311     2.2344     2.1685     0.0057  0.1372369  0.000e+00
       1391      9.532    15.7722    15.7865   3.155411   3.201367     2.2368     2.1685     0.0057  0.1372369  0.000e+00
       1392      9.466    15.7696    15.7870   3.156095   3.202975     2.2393     2.1697     0.0057  0.1372369  0.000e+00
       1393      9.565    15.7741    15.7851   3.157023   3.204374     2.2393     2.1697     0.0057  0.1367485  0.000e+00
       1394      9.532    15.7801    15.7827   3.158267   3.205443     2.2393     2.1697     0.0057  0.1367485  0.000e+00
       1395      9.466    15.7842    15.7811   3.159596   3.206303     2.2393     2.1697     0.0057  0.1372369  0.000e+00
       1396      9.507    15.7861    15.7783   3.160642   3.207118     2.2417     2.1697     0.0057  0.1372369  0.000e+00
       1397      9.532    15.7843    15.7673   3.161751   3.208204     2.2442     2.1697     0.0057  0.1372369  0.000e+00
       1398      9.532    15.7827    15.7404   3.162690   3.209346     2.2442     2.1697     0.0057  0.1372369  0.000e+00
       1399      9.507    15.7852    15.7028   3.163279   3.210539     2.2442     2.1697     0.0057  0.1367485  0.000e+00
       1400      9.532    15.7876    15.6813   3.163816   3.211749     2.2454     2.1697     0.0057  0.1372369  0.000e+00
       1401      9.532    15.7877    15.6872   3.164405   3.212790     2.2466     2.1697     0.0057  0.1372369  0.000e+00
       1402      9.507    15.7928    15.6930   3.164948   3.214641     2.2491     2.1697     0.0057  0.1372369  0.000e+00
       1403      9.532    15.7983    15.6881   3.165135   3.217349     2.2491     2.1697     0.0057  0.1372369  0.000e+00
       1404      9.532    15.8016    15.6664   3.165209   3.220446     2.2491     2.1697     0.0057  0.1372369  0.000e+00
       1405      9.507    15.8031    15.6489   3.165226   3.223015     2.2503     2.1697     0.0057  0.1372369  0.000e+00
       1406      9.532    15.8021    15.6724   3.165378   3.224396     2.2527     2.1697     0.0057  0.1372369  0.000e+00
       1407      9.532    15.7998    15.6959   3.165752   3.224745     2.2539     2.1697     0.0057  0.1372369  0.000e+00
       1408      9.507    15.7976    15.7065   3.165967   3.224576     2.2539     2.1697     0.0057  0.1372369  0.000e+00
       1409      9.532    15.7954    15.7119   3.166092   3.224057     2.2539     2.1697     0.0057  0.1372369  0.000e+00
       1410      9.532    15.7948    15.7123   3.166075   3.223060     2.2552     2.1697     0.0057  0.1367485  0.000e+00
       1411      9.507    15.7961    15.7067   3.165956   3.221899     2.2588     2.1697     0.0057  0.1352833  0.000e+00
       1412      9.532    15.7920    15.6905   3.165763   3.221280     2.2588     2.1697     0.0057  0.1352833  0.000e+00
       1413      9.532    15.7859    15.6739   3.166041   3.221038     2.2576     2.1697     0.0057  0.1347949  0.000e+00
       1414      9.507    15.7877    15.6661   3.166584   3.220711     2.2588     2.1685     0.0057  0.1347949  0.000e+00
       1415      9.532    15.7944    15.6664   3.167314   3.220289     2.2600     2.1685     0.0057  0.1352833  0.000e+00
       1416      9.532    15.7940    15.6718   3.168164   3.219996     2.2625     2.1685     0.0057  0.1347949  0.000e+00
       1417      9.532    15.7929    15.6854   3.168622   3.219697     2.2637     2.1685     0.0057  0.1347949  0.000e+00
       1418      9.507    15.7934    15.7153   3.169160   3.219027     2.2637     2.1685     0.0057  0.1347949  0.000e+00
       1419      9.532    15.7949    15.7468   3.169834   3.217731     2.2637     2.1673     0.0057  0.1347949  0.000e+00
       1420      9.532    15.7960    15.7627   3.170265   3.216138     2.2662     2.1673     0.0057  0.1347949  0.000e+00
       1421      9.507    15.7962    15.7593   3.170310   3.214612     2.2674     2.1673     0.0057  0.1347949  0.000e+00
       1422      9.532    15.7962    15.7438   3.170123   3.213847     2.2674     2.1673     0.0057  0.1347949  0.000e+00
       1423      9.532    15.7949    15.7333   3.169868   3.214506     2.2674     2.1660     0.0057  0.1347949  0.000e+00
       1424      9.507    15.7928    15.7243   3.169189   3.215778     2.2686     2.1660     0.0057  0.1347949  0.000e+00
       1425      9.532    15.7920    15.7067   3.168883   3.216943     2.2710     2.1660     0.0057  0.1352833  0.000e+00
       1426      9.532    15.7934    15.6950   3.168651   3.217529     2.2723     2.1648     0.0057  0.1347949  0.000e+00
       1427      9.507    15.7932    15.7075   3.168628   3.217022     2.2710     2.1648     0.0057  0.1352833  0.000e+00
       1428      9.532    15.7930    15.7312   3.168707   3.215474     2.2710     2.1648     0.0057  0.1347949  0.000e+00
       1429      9.532    15.7968    15.7371   3.168594   3.213931     2.2735     2.1636     0.0057  0.1347949  0.000e+00
       1430      9.565    15.7971    15.7341   3.168487   3.213521     2.2735     2.1636     0.0057  0.1347949  0.000e+00
       1431      9.532    15.7941    15.7429   3.168271   3.213267     2.2747     2.1624     0.0057  0.1347949  0.000e+00
       1432      9.532    15.7923    15.7552   3.167813   3.212676     2.2747     2.1624     0.0057  0.1347949  0.000e+00
       1433      9.507    15.7937    15.7662   3.167247   3.211883     2.2759     2.1624     0.0057  0.1347949  0.000e+00
       1434      9.532    15.7954    15.7687   3.166907   3.210701     2.2759     2.1611     0.0057  0.1347949  0.000e+00
       1435      9.532    15.7985    15.7659   3.166845   3.209846     2.2784     2.1611     0.0057  0.1347949  0.000e+00
       1436      9.507    15.8015    15.7630   3.167105   3.209464     2.2784     2.1599     0.0059  0.1357717  0.000e+00
       1437      9.590    15.8037    15.7523   3.167473   3.209447     2.2771     2.1599     0.0059  0.1362601  0.000e+00
       1438      9.466    15.8050    15.7341   3.168028   3.209565     2.2771     2.1587     0.0059  0.1362601  0.000e+00
       1439      9.565    15.7879    15.7217   3.168045   3.210111     2.2784     2.1587     0.0059  0.1362601  0.000e+00
       1440      9.532    15.7666    15.7215   3.167570   3.210797     2.2808     2.1575     0.0059  0.1362601  0.000e+00
       1441      9.532    15.7587    15.7292   3.166794   3.211951     2.2784     2.1575     0.0059  0.1362601  0.000e+00
       1442      9.507    15.7674    15.7306   3.166279   3.213161     2.2784     2.1563     0.0059  0.1362601  0.000e+00
