data/2021/ctd_data_day1/Station 6 210921_ctm_fil_le.cnv
* Sea-Bird SBE 9 Data File:
* FileName = C:\Users\CTD-User\Desktop\MAR440\Station 6 210921.hex
* Software Version Seasave V 7.26.2.13
* Temperature SN = 6313
* Conductivity SN = 4758
* Number of Bytes Per Scan = 30
* Number of Voltage Words = 4
* Number of Scans Averaged by the Deck Unit = 1
* NMEA baud rate = 4800
** Ship:
** Station:
** Operator:
# nquan = 11
# nvalues = 4130                        
# units = specified
# name 0 = scan: Scan Count
# name 1 = prDM: Pressure, Digiquartz [db]
# name 2 = t090C: Temperature [ITS-90, deg C]
# name 3 = t190C: Temperature, 2 [ITS-90, deg C]
# name 4 = c0S/m: Conductivity [S/m]
# name 5 = c1S/m: Conductivity, 2 [S/m]
# name 6 = sbeox0V: Oxygen raw, SBE 43 [V]
# name 7 = sbeox1V: Oxygen raw, SBE 43, 2 [V]
# name 8 = flECO-AFL: Fluorescence, WET Labs ECO-AFL/FL [mg/m^3]
# name 9 = upoly0: Upoly 0, Turbidity
# name 10 = flag:  0.000e+00
# span 0 =          1,       4130       
# span 1 =      0.401,     37.705       
# span 2 =     6.5339,    15.9700       
# span 3 =     6.5228,    15.9659       
# span 4 =   2.889567,   3.739249       
# span 5 =   2.889377,   3.740329       
# span 6 =     0.4861,     2.7979       
# span 7 =     0.5457,     2.7563       
# span 8 =     0.0033,     0.0189       
# span 9 =  0.0862693,  0.1633834       
# span 10 = 0.0000e+00, 0.0000e+00      
# interval = seconds: 0.0416667
# start_time = Sep 21 2021 10:55:39 [System UTC, header]
# bad_flag = -9.990e-29
*END*
[from data line 1837]
       1838      0.640    15.2544    15.0563   3.017666   2.968609     2.7479     2.7330     0.0048  0.1562913 -9.990e-29
       1839      0.643    15.2571    15.0552   3.018258   2.968351     2.7472     2.7324     0.0048  0.1562388 -9.990e-29
       1840      0.645    15.2595    15.0542   3.018772   2.968099     2.7465     2.7318     0.0048  0.1561791 -9.990e-29
       1841      0.648    15.2615    15.0532   3.019206   2.967858     2.7458     2.7313     0.0048  0.1561120 -9.990e-29
       1842      0.650    15.2633    15.0523   3.019566   2.967632     2.7452     2.7307     0.0048  0.1560368 -9.990e-29
       1843      0.653    15.2647    15.0514   3.019857   2.967422     2.7445     2.7303     0.0048  0.1559531 -9.990e-29
       1844      0.656    15.2657    15.0507   3.020076   2.967231     2.7438     2.7298     0.0048  0.1558603 -9.990e-29
       1845      0.659    15.2663    15.0500   3.020215   2.967060     2.7431     2.7294     0.0048  0.1557586 -9.990e-29
       1846      0.662    15.2666    15.0494   3.020267   2.966910     2.7424     2.7291     0.0048  0.1556482 -9.990e-29
       1847      0.665    15.2664    15.0489   3.020225   2.966781     2.7417     2.7288     0.0048  0.1555274 -9.990e-29
       1848      0.668    15.2658    15.0485   3.020087   2.966670     2.7411     2.7286     0.0048  0.1553954 -9.990e-29
       1849      0.672    15.2648    15.0481   3.019854   2.966575     2.7404     2.7284     0.0046  0.1552563 -9.990e-29
       1850      0.676    15.2635    15.0478   3.019533   2.966492     2.7398     2.7282     0.0044  0.1551194 -9.990e-29
       1851      0.680    15.2618    15.0475   3.019130   2.966417     2.7391     2.7281     0.0044  0.1549932 -9.990e-29
       1852      0.684    15.2598    15.0472   3.018651   2.966348     2.7385     2.7281     0.0044  0.1548808 -9.990e-29
       1853      0.688    15.2576    15.0469   3.018098   2.966280     2.7379     2.7281     0.0044  0.1547817 -9.990e-29
       1854      0.693    15.2550    15.0466   3.017472   2.966213     2.7373     2.7281     0.0044  0.1546933 -9.990e-29
       1855      0.697    15.2521    15.0463   3.016771   2.966144     2.7367     2.7282     0.0044  0.1546151 -9.990e-29
       1856      0.702    15.2490    15.0459   3.015993   2.966070     2.7361     2.7283     0.0044  0.1545473 -9.990e-29
       1857      0.708    15.2456    15.0455   3.015141   2.965990     2.7355     2.7284     0.0044  0.1544887 -9.990e-29
       1858      0.713    15.2421    15.0451   3.014226   2.965900     2.7349     2.7286     0.0044  0.1544380 -9.990e-29
       1859      0.719    15.2384    15.0445   3.013268   2.965799     2.7344     2.7287     0.0044  0.1543948 -9.990e-29
       1860      0.726    15.2347    15.0440   3.012287   2.965690     2.7338     2.7289     0.0044  0.1543589 -9.990e-29
       1861      0.733    15.2309    15.0435   3.011293   2.965576     2.7333     2.7291     0.0044  0.1543300 -9.990e-29
       1862      0.740    15.2270    15.0430   3.010284   2.965461     2.7328     2.7293     0.0044  0.1543078 -9.990e-29
       1863      0.747    15.2230    15.0425   3.009260   2.965348     2.7323     2.7295     0.0044  0.1542923 -9.990e-29
       1864      0.755    15.2191    15.0420   3.008229   2.965240     2.7318     2.7297     0.0044  0.1542833 -9.990e-29
       1865      0.763    15.2152    15.0415   3.007206   2.965135     2.7313     2.7300     0.0044  0.1542808 -9.990e-29
       1866      0.771    15.2114    15.0410   3.006207   2.965029     2.7308     2.7303     0.0044  0.1542847 -9.990e-29
       1867      0.781    15.2078    15.0405   3.005245   2.964922     2.7303     2.7307     0.0044  0.1542960 -9.990e-29
       1868      0.790    15.2044    15.0400   3.004326   2.964810     2.7299     2.7310     0.0044  0.1543155 -9.990e-29
       1869      0.800    15.2012    15.0395   3.003459   2.964695     2.7294     2.7314     0.0044  0.1543434 -9.990e-29
       1870      0.810    15.1983    15.0389   3.002654   2.964578     2.7289     2.7318     0.0044  0.1543798 -9.990e-29
       1871      0.821    15.1957    15.0384   3.001924   2.964459     2.7285     2.7322     0.0044  0.1544243 -9.990e-29
       1872      0.832    15.1934    15.0379   3.001269   2.964342     2.7280     2.7326     0.0044  0.1544762 -9.990e-29
       1873      0.843    15.1913    15.0374   3.000676   2.964228     2.7276     2.7330     0.0044  0.1545359 -9.990e-29
       1874      0.855    15.1894    15.0369   3.000121   2.964118     2.7271     2.7333     0.0044  0.1546029 -9.990e-29
       1875      0.867    15.1875    15.0365   2.999581   2.964013     2.7267     2.7336     0.0046  0.1546736 -9.990e-29
       1876      0.879    15.1856    15.0360   2.999048   2.963914     2.7262     2.7339     0.0046  0.1547416 -9.990e-29
       1877      0.891    15.1836    15.0357   2.998519   2.963821     2.7258     2.7342     0.0046  0.1548030 -9.990e-29
       1878      0.904    15.1816    15.0353   2.997989   2.963735     2.7253     2.7344     0.0046  0.1548576 -9.990e-29
       1879      0.917    15.1796    15.0350   2.997458   2.963655     2.7248     2.7346     0.0046  0.1549056 -9.990e-29
       1880      0.929    15.1774    15.0347   2.996919   2.963584     2.7243     2.7347     0.0046  0.1549474 -9.990e-29
       1881      0.942    15.1751    15.0345   2.996363   2.963520     2.7238     2.7349     0.0046  0.1549834 -9.990e-29
       1882      0.955    15.1727    15.0343   2.995783   2.963466     2.7232     2.7351     0.0046  0.1550137 -9.990e-29
       1883      0.968    15.1702    15.0341   2.995182   2.963420     2.7227     2.7352     0.0046  0.1550385 -9.990e-29
       1884      0.981    15.1676    15.0340   2.994573   2.963383     2.7221     2.7354     0.0046  0.1550589 -9.990e-29
       1885      0.995    15.1652    15.0339   2.993972   2.963354     2.7216     2.7355     0.0046  0.1550767 -9.990e-29
       1886      1.008    15.1628    15.0339   2.993388   2.963334     2.7210     2.7356     0.0046  0.1550921 -9.990e-29
       1887      1.021    15.1605    15.0339   2.992825   2.963326     2.7204     2.7358     0.0046  0.1551034 -9.990e-29
       1888      1.035    15.1583    15.0340   2.992283   2.963332     2.7198     2.7360     0.0046  0.1551099 -9.990e-29
       1889      1.048    15.1563    15.0342   2.991764   2.963354     2.7192     2.7362     0.0046  0.1551117 -9.990e-29
       1890      1.062    15.1545    15.0345   2.991273   2.963394     2.7185     2.7364     0.0046  0.1551095 -9.990e-29
       1891      1.075    15.1528    15.0348   2.990818   2.963451     2.7179     2.7366     0.0046  0.1551051 -9.990e-29
       1892      1.089    15.1515    15.0352   2.990408   2.963526     2.7172     2.7368     0.0046  0.1550984 -9.990e-29
       1893      1.103    15.1504    15.0358   2.990056   2.963620     2.7166     2.7371     0.0046  0.1550878 -9.990e-29
       1894      1.117    15.1498    15.0364   2.989779   2.963735     2.7160     2.7374     0.0046  0.1550722 -9.990e-29
       1895      1.131    15.1496    15.0371   2.989599   2.963871     2.7153     2.7376     0.0046  0.1550515 -9.990e-29
       1896      1.145    15.1500    15.0379   2.989538   2.964032     2.7147     2.7379     0.0046  0.1550266 -9.990e-29
       1897      1.159    15.1510    15.0389   2.989608   2.964220     2.7140     2.7382     0.0046  0.1549980 -9.990e-29
       1898      1.174    15.1525    15.0399   2.989804   2.964436     2.7133     2.7384     0.0046  0.1549655 -9.990e-29
       1899      1.188    15.1545    15.0412   2.990097   2.964684     2.7127     2.7387     0.0046  0.1549290 -9.990e-29
       1900      1.203    15.1566    15.0426   2.990449   2.964965     2.7121     2.7390     0.0046  0.1548889 -9.990e-29
       1901      1.217    15.1586    15.0441   2.990820   2.965285     2.7114     2.7393     0.0046  0.1548485 -9.990e-29
       1902      1.232    15.1605    15.0459   2.991178   2.965647     2.7108     2.7396     0.0046  0.1548117 -9.990e-29
       1903      1.247    15.1621    15.0478   2.991500   2.966053     2.7102     2.7399     0.0046  0.1547791 -9.990e-29
       1904      1.262    15.1632    15.0500   2.991768   2.966508     2.7096     2.7403     0.0046  0.1547479 -9.990e-29
       1905      1.277    15.1640    15.0525   2.991964   2.967013     2.7091     2.7407     0.0046  0.1547180 -9.990e-29
       1906      1.292    15.1643    15.0551   2.992078   2.967573     2.7085     2.7410     0.0046  0.1546924 -9.990e-29
       1907      1.307    15.1642    15.0581   2.992109   2.968190     2.7080     2.7414     0.0046  0.1546727 -9.990e-29
       1908      1.322    15.1636    15.0612   2.992063   2.968867     2.7074     2.7418     0.0046  0.1546571 -9.990e-29
       1909      1.337    15.1627    15.0646   2.991951   2.969609     2.7069     2.7423     0.0046  0.1546429 -9.990e-29
       1910      1.352    15.1615    15.0683   2.991774   2.970416     2.7065     2.7427     0.0046  0.1546309 -9.990e-29
       1911      1.367    15.1599    15.0722   2.991533   2.971285     2.7060     2.7431     0.0046  0.1546218 -9.990e-29
       1912      1.382    15.1581    15.0762   2.991226   2.972199     2.7056     2.7436     0.0046  0.1546148 -9.990e-29
       1913      1.397    15.1560    15.0802   2.990853   2.973125     2.7053     2.7440     0.0046  0.1546105 -9.990e-29
       1914      1.412    15.1536    15.0839   2.990407   2.974029     2.7050     2.7445     0.0046  0.1546100 -9.990e-29
       1915      1.427    15.1509    15.0873   2.989880   2.974886     2.7047     2.7449     0.0046  0.1546122 -9.990e-29
       1916      1.442    15.1478    15.0903   2.989266   2.975680     2.7044     2.7453     0.0046  0.1546163 -9.990e-29
       1917      1.457    15.1446    15.0931   2.988571   2.976400     2.7042     2.7458     0.0046  0.1546233 -9.990e-29
       1918      1.472    15.1410    15.0956   2.987806   2.977044     2.7040     2.7462     0.0046  0.1546324 -9.990e-29
       1919      1.487    15.1373    15.0979   2.986984   2.977617     2.7038     2.7466     0.0046  0.1546426 -9.990e-29
       1920      1.503    15.1335    15.1000   2.986112   2.978133     2.7037     2.7470     0.0046  0.1546551 -9.990e-29
       1921      1.518    15.1296    15.1019   2.985201   2.978601     2.7036     2.7474     0.0046  0.1546690 -9.990e-29
       1922      1.534    15.1255    15.1035   2.984259   2.979023     2.7036     2.7478     0.0046  0.1546843 -9.990e-29
       1923      1.549    15.1215    15.1047   2.983294   2.979387     2.7035     2.7482     0.0046  0.1547013 -9.990e-29
       1924      1.565    15.1174    15.1056   2.982313   2.979682     2.7035     2.7486     0.0046  0.1547191 -9.990e-29
       1925      1.581    15.1133    15.1060   2.981322   2.979895     2.7036     2.7490     0.0046  0.1547397 -9.990e-29
       1926      1.597    15.1092    15.1060   2.980331   2.980018     2.7037     2.7493     0.0044  0.1547648 -9.990e-29
       1927      1.614    15.1051    15.1055   2.979348   2.980042     2.7038     2.7497     0.0044  0.1547937 -9.990e-29
       1928      1.630    15.1012    15.1046   2.978384   2.979968     2.7039     2.7501     0.0044  0.1548250 -9.990e-29
       1929      1.647    15.0973    15.1034   2.977449   2.979797     2.7041     2.7505     0.0044  0.1548573 -9.990e-29
       1930      1.664    15.0936    15.1018   2.976551   2.979534     2.7043     2.7508     0.0044  0.1548897 -9.990e-29
       1931      1.681    15.0900    15.1000   2.975686   2.979189     2.7045     2.7512     0.0044  0.1549227 -9.990e-29
       1932      1.699    15.0865    15.0978   2.974850   2.978768     2.7048     2.7516     0.0044  0.1549564 -9.990e-29
       1933      1.717    15.0831    15.0955   2.974039   2.978282     2.7050     2.7519     0.0044  0.1549910 -9.990e-29
       1934      1.735    15.0798    15.0930   2.973251   2.977737     2.7053     2.7523     0.0044  0.1550269 -9.990e-29
       1935      1.753    15.0767    15.0903   2.972490   2.977141     2.7057     2.7527     0.0044  0.1550642 -9.990e-29
       1936      1.771    15.0737    15.0875   2.971760   2.976504     2.7060     2.7530     0.0044  0.1551031 -9.990e-29
       1937      1.789    15.0709    15.0847   2.971067   2.975836     2.7064     2.7534     0.0044  0.1551441 -9.990e-29
       1938      1.807    15.0682    15.0819   2.970416   2.975154     2.7067     2.7536     0.0044  0.1551873 -9.990e-29
       1939      1.825    15.0658    15.0793   2.969811   2.974478     2.7071     2.7539     0.0044  0.1552331 -9.990e-29
       1940      1.844    15.0635    15.0768   2.969253   2.973823     2.7076     2.7541     0.0044  0.1552817 -9.990e-29
       1941      1.862    15.0615    15.0744   2.968741   2.973201     2.7080     2.7543     0.0044  0.1553336 -9.990e-29
       1942      1.881    15.0597    15.0723   2.968276   2.972615     2.7084     2.7545     0.0044  0.1553891 -9.990e-29
       1943      1.900    15.0581    15.0703   2.967855   2.972066     2.7089     2.7546     0.0044  0.1554485 -9.990e-29
       1944      1.919    15.0566    15.0684   2.967477   2.971555     2.7093     2.7547     0.0044  0.1555123 -9.990e-29
       1945      1.938    15.0554    15.0667   2.967142   2.971081     2.7098     2.7548     0.0044  0.1555809 -9.990e-29
       1946      1.958    15.0543    15.0651   2.966847   2.970641     2.7102     2.7549     0.0044  0.1556548 -9.990e-29
       1947      1.977    15.0534    15.0636   2.966591   2.970234     2.7107     2.7549     0.0044  0.1557345 -9.990e-29
       1948      1.997    15.0527    15.0623   2.966371   2.969857     2.7112     2.7550     0.0044  0.1558206 -9.990e-29
       1949      2.016    15.0521    15.0610   2.966182   2.969508     2.7116     2.7550     0.0044  0.1559137 -9.990e-29
       1950      2.036    15.0516    15.0599   2.966020   2.969185     2.7121     2.7550     0.0044  0.1560144 -9.990e-29
       1951      2.055    15.0511    15.0588   2.965877   2.968885     2.7125     2.7550     0.0046  0.1561208 -9.990e-29
       1952      2.075    15.0507    15.0578   2.965748   2.968607     2.7130     2.7550     0.0046  0.1562269 -9.990e-29
       1953      2.095    15.0503    15.0569   2.965629   2.968350     2.7134     2.7550     0.0046  0.1563267 -9.990e-29
       1954      2.115    15.0500    15.0560   2.965517   2.968113     2.7139     2.7550     0.0046  0.1564175 -9.990e-29
       1955      2.135    15.0496    15.0553   2.965410   2.967895     2.7143     2.7549     0.0046  0.1564990 -9.990e-29
       1956      2.155    15.0492    15.0546   2.965309   2.967696     2.7148     2.7549     0.0046  0.1565717 -9.990e-29
       1957      2.176    15.0489    15.0539   2.965214   2.967517     2.7152     2.7548     0.0046  0.1566363 -9.990e-29
       1958      2.196    15.0486    15.0534   2.965127   2.967357     2.7157     2.7547     0.0046  0.1566932 -9.990e-29
       1959      2.217    15.0483    15.0529   2.965047   2.967215     2.7161     2.7546     0.0046  0.1567427 -9.990e-29
       1960      2.237    15.0481    15.0525   2.964976   2.967092     2.7165     2.7545     0.0046  0.1567851 -9.990e-29
       1961      2.258    15.0478    15.0522   2.964915   2.966986     2.7170     2.7543     0.0046  0.1568218 -9.990e-29
       1962      2.278    15.0477    15.0520   2.964863   2.966897     2.7174     2.7542     0.0046  0.1568536 -9.990e-29
       1963      2.299    15.0475    15.0518   2.964822   2.966823     2.7178     2.7540     0.0046  0.1568801 -9.990e-29
       1964      2.320    15.0474    15.0516   2.964792   2.966763     2.7182     2.7539     0.0046  0.1569006 -9.990e-29
       1965      2.341    15.0474    15.0515   2.964772   2.966714     2.7186     2.7537     0.0046  0.1569151 -9.990e-29
       1966      2.361    15.0474    15.0514   2.964762   2.966673     2.7190     2.7535     0.0046  0.1569238 -9.990e-29
       1967      2.382    15.0475    15.0513   2.964760   2.966639     2.7194     2.7533     0.0046  0.1569268 -9.990e-29
